GEO_ID|B25103_E001|B25103_M001|B25103_E002|B25103_M002|B25103_E003|B25103_M003
0500000US37001|1494|46|1607|64|1372|60
0500000US37003|1269|51|1334|73|1204|92
0500000US37005|1217|99|1270|143|1152|121
0500000US37007|1141|63|1276|68|1037|102
0500000US37009|1190|76|1248|117|1139|102
0500000US37011|1010|114|1211|183|866|150
0500000US37013|1300|71|1559|110|1032|108
0500000US37015|778|85|1044|139|553|84
0500000US37017|1227|66|1476|170|1148|78
0500000US37019|1890|42|1955|54|1776|88
0500000US37021|2222|56|2350|54|2007|99
0500000US37023|1253|46|1382|58|1070|81
0500000US37025|2586|66|2756|64|2145|132
0500000US37027|1150|55|1236|66|1019|91
0500000US37029|1952|176|2046|322|1858|143
0500000US37031|1423|32|1499|60|1299|65
0500000US37033|1140|87|1174|128|1109|112
0500000US37035|1407|34|1469|42|1287|65
0500000US37037|2847|130|3059|178|2535|177
0500000US37039|1064|76|1160|99|990|87
0500000US37041|1677|119|1765|172|1532|206
0500000US37043|1186|100|1042|180|1257|88
0500000US37045|1286|44|1433|68|1119|76
0500000US37047|1120|67|1293|81|978|57
0500000US37049|1450|48|1472|68|1411|86
0500000US37051|1850|30|1990|47|1586|53
0500000US37053|1760|64|1817|73|1565|179
0500000US37055|2391|97|2340|114|2480|174
0500000US37057|1320|36|1422|38|1167|63
0500000US37059|1595|82|1617|112|1568|145
0500000US37061|950|62|1190|106|761|69
0500000US37063|3092|70|3110|81|3039|157
0500000US37065|1306|49|1420|77|1185|69
0500000US37067|1984|41|2061|64|1861|55
0500000US37069|1834|69|2029|126|1329|102
0500000US37071|1982|51|2260|57|1597|86
0500000US37073|1296|86|1567|184|1145|91
0500000US37075|979|133|1276|219|795|210
0500000US37077|1664|99|1891|98|1311|116
0500000US37079|1041|90|1089|137|1000|95
0500000US37081|2174|45|2278|53|1951|93
0500000US37083|1216|67|1455|126|1012|80
0500000US37085|1689|50|1868|54|1313|81
0500000US37087|1583|56|1571|68|1600|108
0500000US37089|1810|62|1832|72|1767|114
0500000US37091|1168|85|1385|119|933|74
0500000US37093|1465|56|1681|70|931|54
0500000US37095|975|366|950|432|1023|589
0500000US37097|1952|67|2272|106|1525|96
0500000US37099|976|66|1017|106|925|122
0500000US37101|1908|41|2058|72|1476|83
0500000US37103|964|97|1092|154|825|136
0500000US37105|1785|86|1900|103|1592|148
0500000US37107|1015|72|1263|83|803|79
0500000US37109|1856|76|1999|124|1513|144
0500000US37111|911|73|1079|110|792|75
0500000US37113|1074|54|1125|74|1014|73
0500000US37115|1362|66|1455|114|1287|88
0500000US37117|1168|100|1364|152|994|108
0500000US37119|2890|29|2896|29|2872|65
0500000US37121|1141|107|1324|185|1010|126
0500000US37123|1037|76|1262|92|774|107
0500000US37125|1849|71|1924|81|1679|147
0500000US37127|1362|47|1548|78|1104|85
0500000US37129|2105|68|2086|93|2148|128
0500000US37131|1239|85|1375|121|1117|115
0500000US37133|1502|44|1530|62|1431|91
0500000US37135|4162|147|4261|268|4041|304
0500000US37137|1218|81|1379|139|1027|135
0500000US37139|1573|81|1672|82|1377|182
0500000US37141|1883|119|2134|135|1474|129
0500000US37143|1375|118|1556|176|978|187
0500000US37145|1328|76|1349|79|1226|301
0500000US37147|1734|66|1865|61|1471|128
0500000US37149|1697|85|1780|109|1590|137
0500000US37151|1324|32|1452|49|1145|62
0500000US37153|1138|83|1282|111|969|84
0500000US37155|820|27|1185|59|693|20
0500000US37157|1258|33|1350|51|1142|64
0500000US37159|1554|53|1721|67|1322|57
0500000US37161|1178|51|1284|63|1075|78
0500000US37163|1130|57|1377|82|929|63
0500000US37165|1068|82|1443|101|796|77
0500000US37167|1385|51|1542|96|1219|69
0500000US37169|1179|56|1276|75|1054|87
0500000US37171|1071|40|1222|55|935|36
0500000US37173|859|118|991|274|821|111
0500000US37175|1674|93|1747|138|1596|164
0500000US37177|1331|414|1763|275|775|249
0500000US37179|2396|52|2500|60|2089|131
0500000US37181|1256|65|1358|88|1155|97
0500000US37183|3260|35|3270|42|3232|67
0500000US37185|1093|89|1260|105|943|70
0500000US37187|1252|145|1356|172|1072|261
0500000US37189|1386|51|1510|117|1231|71
0500000US37191|1249|54|1429|73|923|65
0500000US37193|1002|53|1116|72|921|52
0500000US37195|1471|56|1773|103|1176|80
0500000US37197|1220|49|1326|69|1097|85
0500000US37199|1157|82|1329|107|984|66
0500000US45001|782|67|1017|119|555|43
0500000US45003|897|31|1061|58|706|41
0500000US45005|669|100|752|285|613|132
0500000US45007|1043|37|1245|41|779|50
0500000US45009|811|79|961|133|703|65
0500000US45011|775|70|1076|189|563|77
0500000US45013|2174|79|2267|97|1993|155
0500000US45015|1400|32|1580|56|1047|58
0500000US45017|704|65|1012|133|551|103
0500000US45019|1901|31|1989|45|1661|68
0500000US45021|614|47|799|58|465|50
0500000US45023|890|45|1095|81|774|94
0500000US45025|487|34|710|94|385|23
0500000US45027|883|59|1096|91|744|88
0500000US45029|900|56|1233|140|671|125
0500000US45031|652|47|812|78|499|52
0500000US45033|452|41|586|104|374|40
0500000US45035|1851|52|2036|88|1355|99
0500000US45037|875|71|1151|88|669|75
0500000US45039|776|93|1131|148|625|89
0500000US45041|756|30|932|49|554|31
0500000US45043|1190|60|1336|58|957|83
0500000US45045|1512|26|1648|32|1305|34
0500000US45047|964|34|1153|56|765|55
0500000US45049|897|68|1157|135|729|107
0500000US45051|944|18|1027|33|823|35
0500000US45053|1852|326|2406|289|1199|434
0500000US45055|1013|52|1200|55|722|79
0500000US45057|1657|70|1898|95|1131|176
0500000US45059|698|56|981|85|508|44
0500000US45061|599|79|771|140|488|93
0500000US45063|1151|22|1267|24|882|37
0500000US45065|948|195|1394|330|781|107
0500000US45067|436|49|646|110|374|54
0500000US45069|496|41|758|118|432|45
0500000US45071|1154|69|1350|106|972|97
0500000US45073|899|47|1094|83|752|65
0500000US45075|749|43|1070|86|573|46
0500000US45077|866|36|1084|56|656|34
0500000US45079|1637|39|1743|38|1380|71
0500000US45081|747|67|1204|145|494|118
0500000US45083|1274|25|1422|32|1000|40
0500000US45085|881|43|1146|47|575|55
0500000US45087|579|53|730|76|476|62
0500000US45089|687|65|876|149|578|65
0500000US45091|1740|39|1934|54|1276|69
1600000US3700160|2068|326|2080|378|2042|679
1600000US3700440|2311|319|2488|241|1589|595
1600000US3700500|1602|172|1830|194|1289|198
1600000US3700640|2540|457|2534|687|2550|357
1600000US3700680|1396|125|1530|211|1271|119
1600000US3700880|1326|227|1336|433|-666666666|-222222222
1600000US3701000|1158|214|1417|514|1135|239
1600000US3701140|1395|461|1679|393|938|455
1600000US3701340|1881|112|2138|145|992|274
1600000US3701380|764|197|1301|245|695|50
1600000US3701400|2176|238|2244|247|1695|748
1600000US3701420|1004|257|1250|150|793|306
1600000US3701520|4001|154|4096|164|3751|199
1600000US3701560|800|323|-666666666|-222222222|630|237
1600000US3701640|850|97|864|68|760|492
1600000US3701720|1682|123|1663|191|1702|161
1600000US3701760|2546|429|2925|505|1480|1035
1600000US3701972|1221|431|1082|384|1750|655
1600000US3702080|1829|106|2019|182|1687|119
1600000US3702140|2960|133|3103|163|2773|191
1600000US3702240|971|277|-666666666|-222222222|879|708
1600000US3702320|936|243|1063|849|909|346
1600000US3702460|1199|213|1214|245|1172|424
1600000US3702480|776|322|960|305|732|341
1600000US3702500|2110|489|2313|647|1975|580
1600000US3702580|1164|376|1357|205|199|-333333333
1600000US3702620|1004|156|995|186|1019|251
1600000US3702700|857|372|971|421|640|581
1600000US3702760|1846|160|1823|251|1875|241
1600000US3702780|2741|595|2538|239|3271|1191
1600000US3702840|1734|252|1837|250|1472|588
1600000US3702960|916|151|823|156|1059|237
1600000US3703020|1250|240|1327|747|1188|270
1600000US3703100|2005|743|2152|768|1489|760
1600000US3703150|9598|978|9539|1358|9722|1763
1600000US3703220|1386|192|1830|438|1229|63
1600000US3703500|3198|656|3179|1429|3237|742
1600000US3703530|1399|172|1428|144|-666666666|-222222222
1600000US3703640|896|225|954|599|842|527
1600000US3703665|1103|320|1117|324|1089|523
1600000US3703720|915|63|939|414|-666666666|-222222222
1600000US3703840|2841|605|2795|967|2886|591
1600000US3703960|1079|535|1368|860|794|401
1600000US3704015|2000|317|2313|304|1660|299
1600000US3704040|2373|321|2063|1560|2500|282
1600000US3704180|1346|365|1222|494|1600|631
1600000US3704260|2291|506|2238|543|2363|778
1600000US3704510|2859|306|2933|374|2793|478
1600000US3704640|911|140|1162|311|852|148
1600000US3704680|1359|284|-666666666|-222222222|-666666666|-222222222
1600000US3704840|3702|278|3879|286|3037|778
1600000US3704950|1717|265|1821|293|1220|190
1600000US3704955|-666666666|-222222222|-666666666|-222222222|-666666666|-222222222
1600000US3704960|1127|183|1169|145|850|432
1600000US3705020|-666666666|-222222222|-666666666|-222222222|-666666666|-222222222
1600000US3705040|2273|436|2111|632|2417|426
1600000US3705049|1858|489|1855|613|1863|897
1600000US3705135|2471|241|2427|524|2497|282
1600000US3705220|1539|126|1713|102|1255|192
1600000US3705340|2176|325|1838|401|2406|137
1600000US3705460|1358|134|1605|359|1270|113
1600000US3705530|2108|399|1840|363|2506|368
1600000US3705660|1261|206|1323|138|980|708
1600000US3705880|8464|1371|8566|2482|8393|1491
1600000US3706000|872|174|1026|299|726|169
1600000US3706080|1163|126|1227|120|1029|899
1600000US3706140|2421|123|2345|219|2547|213
1600000US3706240|1266|357|1432|388|1010|819
1600000US3706500|3655|553|3285|663|5187|2074
1600000US3706510|-666666666|-222222222|-666666666|-222222222|-666666666|-222222222
1600000US3706660|1063|1031|-666666666|-222222222|950|921
1600000US3706740|1295|101|1310|95|1239|327
1600000US3706760|1757|119|1850|203|1643|175
1600000US3706800|2172|294|2051|470|2373|316
1600000US3706820|1790|356|1810|371|-666666666|-222222222
1600000US3706860|1016|535|930|714|1234|711
1600000US3706980|937|227|972|245|650|591
1600000US3707080|2272|236|2060|279|2566|358
1600000US3707140|1662|490|2165|879|1372|327
1600000US3707220|985|200|1341|420|643|239
1600000US3707340|-666666666|-222222222|-666666666|-222222222|-666666666|-222222222
1600000US3707400|199|-333333333|-666666666|-222222222|199|-333333333
1600000US3707588|1312|59|1371|111|1271|60
1600000US3707720|2555|339|2594|247|2356|1341
1600000US3707748|3556|134|3561|167|3535|324
1600000US3707765|1524|153|1483|256|1552|214
1600000US3707860|1707|461|1833|1483|1618|603
1600000US3708040|1113|156|1145|146|992|357
1600000US3708080|2275|346|2197|348|2382|722
1600000US3708110|672|107|766|130|396|354
1600000US3708140|1056|224|1206|251|938|124
1600000US3708420|1192|547|1400|1353|1063|831
1600000US3708480|1223|128|1281|318|1200|152
1600000US3708760|2431|604|2138|1307|2561|713
1600000US3708860|2442|1040|3130|1307|1875|1675
1600000US3708880|800|201|979|278|704|53
1600000US3708960|1668|498|1720|471|1554|1012
1600000US3709060|1489|106|1497|152|1479|172
1600000US3709140|1859|247|1772|642|1885|280
1600000US3709360|1726|186|1927|220|713|371
1600000US3709380|-666666666|-222222222|-666666666|-222222222|-666666666|-222222222
1600000US3709400|1948|451|1670|515|2891|1107
1600000US3709530|1163|118|1263|100|987|138
1600000US3709540|1321|266|1653|458|1083|336
1600000US3709760|743|500|900|507|-666666666|-222222222
1600000US3709780|1993|556|2117|512|199|-333333333
1600000US3709800|1618|517|1750|620|-666666666|-222222222
1600000US3710120|1165|251|1292|404|1036|445
1600000US3710240|1545|207|1514|228|1721|654
1600000US3710260|1854|141|1937|264|1734|141
1600000US3710264|1523|558|1262|703|2029|862
1600000US3710460|-666666666|-222222222|-666666666|-222222222|-666666666|-222222222
1600000US3710500|2822|306|2825|456|2818|447
1600000US3710532|2382|966|2313|2011|-666666666|-222222222
1600000US3710550|1364|66|1329|100|1397|107
1600000US3710620|6888|324|7168|418|6425|558
1600000US3710680|1366|252|1706|248|683|384
1600000US3710740|4142|71|4162|94|4092|154
1600000US3710760|1137|291|1475|631|960|420
1600000US3710800|-666666666|-222222222|821|166|1742|1726
1600000US3710860|389|147|920|767|342|60
1600000US3710880|1676|486|1480|788|2282|895
1600000US3710960|3693|236|3619|350|3804|369
1600000US3710980|1158|362|1394|280|807|372
1600000US3711340|1813|192|1877|250|1583|464
1600000US3711352|2500|489|2458|630|2615|716
1600000US3711560|1705|95|1705|95|-666666666|-222222222
1600000US3711620|2319|354|2125|1290|2388|383
1600000US3711640|1429|361|1360|337|1511|628
1600000US3711800|7191|345|7420|483|6909|447
1600000US3712000|2808|33|2826|35|2745|79
1600000US3712140|199|-333333333|-666666666|-222222222|199|-333333333
1600000US3712186|1390|146|1361|146|1885|849
1600000US3712340|1736|173|1922|333|1540|207
1600000US3712460|2042|1636|1250|497|4083|2639
1600000US3712480|1661|395|1833|579|1414|552
1600000US3712520|-666666666|-222222222|-666666666|-222222222|-666666666|-222222222
1600000US3712580|938|41|1417|485|905|29
1600000US3712590|612|422|-666666666|-222222222|669|291
1600000US3712720|1730|364|1517|627|1907|307
1600000US3712780|1691|891|2591|1359|1143|1107
1600000US3712860|2597|167|2612|196|2502|503
1600000US3712960|2304|106|2355|104|2192|226
1600000US3713000|1609|342|1853|335|1411|284
1600000US3713100|810|452|-666666666|-222222222|786|472
1600000US3713240|1590|210|1684|311|1493|249
1600000US3713280|1440|313|1318|608|1491|536
1600000US3713360|1544|222|1770|183|918|291
1600000US3713460|552|240|1167|625|442|122
1600000US3713500|2556|492|-666666666|-222222222|-666666666|-222222222
1600000US3713560|1306|1135|2176|1455|-666666666|-222222222
1600000US3713940|-666666666|-222222222|-666666666|-222222222|-666666666|-222222222
1600000US3713980|1895|298|2117|456|1745|206
1600000US3714060|1600|1379|-666666666|-222222222|-666666666|-222222222
1600000US3714100|2757|121|2913|134|2252|252
1600000US3714200|732|229|-666666666|-222222222|700|171
1600000US3714280|1522|712|2039|1263|1147|392
1600000US3714340|1723|259|1705|346|1753|458
1600000US3714400|982|171|987|317|974|173
1600000US3714460|1119|183|1103|156|1229|643
1600000US3714600|1052|183|987|197|1155|192
1600000US3714700|3512|207|3458|238|3659|360
1600000US3715020|828|244|1150|366|715|82
1600000US3715040|1122|153|1205|246|1035|175
1600000US3715260|3259|299|3229|397|3345|536
1600000US3715320|2603|262|2599|284|2613|582
1600000US3715420|1278|220|1375|1060|1266|53
1600000US3715440|786|165|1154|413|741|97
1600000US3715580|1000|372|1000|372|-666666666|-222222222
1600000US3715640|497|363|-666666666|-222222222|-666666666|-222222222
1600000US3715880|1051|389|733|217|1313|551
1600000US3716084|2745|195|2618|204|2902|376
1600000US3716180|1951|346|2424|330|1146|259
1600000US3716220|1072|194|1319|179|838|213
1600000US3716240|908|208|922|399|867|381
1600000US3716400|4668|257|4561|256|4963|628
1600000US3716480|870|92|938|52|622|354
1600000US3716720|676|85|739|453|662|107
1600000US3716730|2075|309|2086|405|2029|1556
1600000US3716780|-666666666|-222222222|-666666666|-222222222|-666666666|-222222222
1600000US3716820|-666666666|-222222222|-666666666|-222222222|-666666666|-222222222
1600000US3716860|-666666666|-222222222|-666666666|-222222222|-666666666|-222222222
1600000US3716980|1475|243|1698|192|979|178
1600000US3717000|2017|424|2184|440|1459|939
1600000US3717180|1250|450|1208|568|-666666666|-222222222
1600000US3717325|593|124|633|622|588|134
1600000US3717340|1290|387|1332|579|1176|454
1600000US3717520|1443|428|1519|479|1286|732
1600000US3717660|947|84|978|403|917|108
1600000US3717860|1332|137|1415|302|1289|161
1600000US3718040|1489|283|1350|393|1625|307
1600000US3718060|3895|596|3578|1009|4200|468
1600000US3718080|450|151|-666666666|-222222222|261|109
1600000US3718300|-666666666|-222222222|-666666666|-222222222|-666666666|-222222222
1600000US3718320|1835|117|1874|161|1788|190
1600000US3719000|3263|69|3250|79|3302|154
1600000US3719140|935|175|900|25|1558|966
1600000US3719300|1279|480|-666666666|-222222222|1220|320
1600000US3719320|1588|317|1663|478|1500|731
1600000US3719420|1063|215|1211|221|864|275
1600000US3719740|2000|301|2306|496|1757|343
1600000US3719800|1641|625|1769|1463|1117|949
1600000US3719860|957|298|1137|256|771|277
1600000US3720080|1195|108|1254|121|1093|215
1600000US3720120|2327|308|2331|333|2309|1212
1600000US3720280|1379|115|1506|307|1214|183
1600000US3720420|1901|711|2364|906|370|274
1600000US3720580|1600|224|1740|239|1399|277
1600000US3720600|1214|271|2461|1102|1138|259
1600000US3720620|1552|433|1871|543|1335|265
1600000US3720700|-666666666|-222222222|540|104|-666666666|-222222222
1600000US3720780|808|353|1250|841|667|126
1600000US3720840|829|232|817|477|831|378
1600000US3720980|1023|174|957|136|1144|308
1600000US3721095|2646|272|2835|400|2303|354
1600000US3721120|1079|694|-666666666|-222222222|786|568
1600000US3721130|911|68|1010|191|875|45
1600000US3721160|2506|194|2599|286|2420|253
1600000US3721260|518|176|-666666666|-222222222|470|98
1600000US3721360|975|204|1122|255|721|116
1600000US3721380|-666666666|-222222222|-666666666|-222222222|-666666666|-222222222
1600000US3721500|1186|98|1277|121|1049|203
1600000US3721740|1589|128|1556|186|1628|173
1600000US3721880|1730|257|1742|469|1722|251
1600000US3721960|1500|301|1600|798|1450|348
1600000US3722040|1150|370|1286|954|975|330
1600000US3722080|-666666666|-222222222|-666666666|-222222222|-666666666|-222222222
1600000US3722240|881|140|923|166|818|252
1600000US3722280|-666666666|-222222222|-666666666|-222222222|1625|1258
1600000US3722305|1418|65|1411|107|1426|83
1600000US3722360|1299|135|2162|645|1061|122
1600000US3722380|678|209|719|222|587|463
1600000US3722440|1935|582|2324|797|1639|1372
1600000US3722500|2212|287|2272|400|2042|891
1600000US3722560|992|258|581|416|1192|280
1600000US3722600|1956|738|1990|833|-666666666|-222222222
1600000US3722620|1625|442|1625|878|1625|1211
1600000US3722640|354|23|-666666666|-222222222|354|23
1600000US3722720|651|160|925|401|581|292
1600000US3722800|1260|161|1182|172|-666666666|-222222222
1600000US3722820|2223|630|1423|539|2582|544
1600000US3722920|1915|34|2012|74|1764|48
1600000US3722982|2995|304|2662|461|3188|390
1600000US3723520|2258|477|2456|549|1607|990
1600000US3723600|2853|241|2847|345|2858|359
1600000US3723640|761|164|751|435|800|303
1600000US3723760|1964|190|1878|179|2253|201
1600000US3723980|-666666666|-222222222|-666666666|-222222222|-666666666|-222222222
1600000US3724080|1143|253|1331|930|1093|182
1600000US3724170|1228|96|1167|465|1236|49
1600000US3724198|2078|373|1934|434|2284|343
1600000US3724380|1085|256|1287|253|843|833
1600000US3724440|1438|610|1300|786|1514|842
1600000US3724520|1711|246|1813|236|1522|481
1600000US3724570|2230|346|2172|428|2382|670
1600000US3724640|1227|126|1389|235|1108|185
1600000US3724720|1966|664|2528|510|1405|317
1600000US3724740|1003|195|1151|174|875|315
1600000US3724900|1417|448|1617|711|1143|465
1600000US3725020|2405|284|1594|1437|2628|303
1600000US3725160|-666666666|-222222222|1247|106|265|260
1600000US3725300|3141|142|3096|171|3314|176
1600000US3725380|797|173|822|231|732|232
1600000US3725460|1328|655|3174|1329|794|730
1600000US3725480|2673|136|2712|164|2550|220
1600000US3725540|1376|285|1286|180|1477|902
1600000US3725560|1292|110|1383|991|1198|175
1600000US3725580|2435|77|2533|85|2130|179
1600000US3725680|1940|348|1868|322|2094|559
1600000US3725880|1593|549|2020|1262|1514|1410
1600000US3725900|1574|293|1444|378|-666666666|-222222222
1600000US3725940|1019|528|1646|202|959|197
1600000US3725980|2481|203|2284|299|2973|408
1600000US3726200|1295|207|1489|226|963|237
1600000US3726460|1180|184|1152|242|1267|175
1600000US3726520|-666666666|-222222222|-666666666|-222222222|-666666666|-222222222
1600000US3726560|711|464|-666666666|-222222222|-666666666|-222222222
1600000US3726680|2030|387|2329|281|1271|889
1600000US3726740|1536|489|963|624|1768|638
1600000US3726800|1796|529|1924|505|-666666666|-222222222
1600000US3726880|1886|131|1843|116|2040|399
1600000US3726920|1316|230|1408|743|953|321
1600000US3727120|1595|442|1439|410|1890|1179
1600000US3727180|6069|605|6737|1628|5659|851
1600000US3727182|3365|194|3370|217|3340|600
1600000US3727280|1570|145|1748|189|1321|173
1600000US3727300|-666666666|-222222222|-666666666|-222222222|-666666666|-222222222
1600000US3727324|4500|3428|-666666666|-222222222|6667|2730
1600000US3727400|1280|108|1276|149|1291|82
1600000US3727420|1408|248|1342|148|1917|1134
1600000US3727440|1795|178|1775|214|1834|382
1600000US3727520|812|250|969|694|553|244
1600000US3727780|541|217|1208|220|527|144
1600000US3727870|1317|268|1681|275|906|97
1600000US3728000|2286|61|2328|70|2192|153
1600000US3728080|2202|114|2229|162|2135|255
1600000US3728200|1284|258|1285|321|1283|600
1600000US3728240|2096|895|2333|579|1469|1393
1600000US3728400|896|101|976|248|842|229
1600000US3728600|-666666666|-222222222|-666666666|-222222222|-666666666|-222222222
1600000US3728900|964|157|1047|225|736|317
1600000US3728920|1083|459|-666666666|-222222222|1165|277
1600000US3729000|841|351|-666666666|-222222222|-666666666|-222222222
1600000US3729120|1065|261|1450|303|800|515
1600000US3729160|1112|528|1586|737|809|363
1600000US3729180|2775|341|2840|375|2422|1265
1600000US3729560|1234|154|1316|360|1185|173
1600000US3729640|730|132|748|218|673|233
1600000US3729680|1265|431|1393|1104|1175|810
1600000US3729720|1148|283|1170|214|-666666666|-222222222
1600000US3729800|3391|216|3655|255|2484|273
1600000US3730040|-666666666|-222222222|-666666666|-222222222|-666666666|-222222222
1600000US3730100|2875|1375|3150|2105|-666666666|-222222222
1600000US3730120|1758|60|1745|73|1800|126
1600000US3730260|1277|128|1337|119|1005|586
1600000US3730280|1098|207|986|232|1259|410
1600000US3730340|912|128|950|246|878|146
1600000US3730620|1524|249|1652|353|1250|492
1600000US3730660|1340|100|1370|119|1303|189
1600000US3730720|2398|133|2320|192|2475|181
1600000US3730800|-666666666|-222222222|-666666666|-222222222|-666666666|-222222222
1600000US3730900|1466|433|1582|380|1210|657
1600000US3731060|2066|192|2157|250|1892|300
1600000US3731260|-666666666|-222222222|-666666666|-222222222|2195|1576
1600000US3731360|2714|560|1958|808|3076|898
1600000US3731400|2258|82|2420|104|1934|194
1600000US3731440|1929|849|1821|950|3045|3018
1600000US3731490|-666666666|-222222222|-666666666|-222222222|-666666666|-222222222
1600000US3731500|1311|148|1463|271|1158|171
1600000US3731620|4759|383|4983|495|4356|466
1600000US3731860|822|133|-666666666|-222222222|787|116
1600000US3731880|-666666666|-222222222|-666666666|-222222222|-666666666|-222222222
1600000US3731920|580|170|1194|306|493|188
1600000US3731960|3620|256|3669|183|3566|510
1600000US3732100|1043|365|1639|911|783|504
1600000US3732180|2822|389|2793|387|2964|1025
1600000US3732260|4087|195|4150|195|3800|372
1600000US3732540|1190|442|1156|390|1202|755
1600000US3732580|1647|539|1842|375|1277|972
1600000US3732640|2111|112|2261|124|1714|204
1600000US3732740|2167|229|2121|378|2216|368
1600000US3732840|763|407|1446|714|681|109
1600000US3732980|1747|418|2162|370|1496|256
1600000US3733120|3242|83|3233|92|3279|189
1600000US3733320|886|240|993|389|718|247
1600000US3733460|2306|332|2607|662|2114|508
1600000US3733560|2258|104|2299|105|2079|228
1600000US3733640|666|477|-666666666|-222222222|199|-333333333
1600000US3733820|1113|487|948|317|1631|477
1600000US3733940|663|315|-666666666|-222222222|-666666666|-222222222
1600000US3733993|199|-333333333|199|-333333333|-666666666|-222222222
1600000US3734000|1010|182|1217|219|923|106
1600000US3734038|740|73|745|92|707|478
1600000US3734160|199|-333333333|-666666666|-222222222|-666666666|-222222222
1600000US3734200|1870|77|1855|121|1892|114
1600000US3734260|1042|204|1273|221|834|107
1600000US3734300|2683|411|2482|483|3151|346
1600000US3734320|1341|138|1556|277|1287|89
1600000US3734440|1582|237|1496|359|1619|263
1600000US3734840|1157|117|1149|111|1173|302
1600000US3735200|2407|110|2540|137|2041|243
1600000US3735340|1184|872|-666666666|-222222222|976|870
1600000US3735360|985|252|1406|604|937|273
1600000US3735440|1065|538|-666666666|-222222222|1078|514
1600000US3735460|1306|194|1905|581|1051|587
1600000US3735540|1422|448|1895|996|1208|187
1600000US3735600|2732|121|2706|145|2813|352
1600000US3735720|2442|145|2413|134|2504|339
1600000US3735760|1585|175|1553|188|1744|510
1600000US3735870|1289|44|1269|49|1327|89
1600000US3735880|1279|157|1489|232|1130|229
1600000US3735890|806|150|700|354|861|121
1600000US3735920|1258|109|1489|205|1105|170
1600000US3736020|1219|497|767|586|1500|513
1600000US3736060|2724|217|2683|185|2865|569
1600000US3736080|2828|167|2827|168|2832|477
1600000US3736220|3906|255|3964|386|3771|403
1600000US3736400|836|256|-666666666|-222222222|729|133
1600000US3736480|1822|247|1742|326|1924|366
1600000US3736500|3923|905|3419|635|4689|1997
1600000US3736510|2491|392|2792|455|1999|794
1600000US3736511|4228|400|4057|401|4807|876
1600000US3736512|2014|208|2086|254|1883|286
1600000US3736513|1604|240|1753|165|788|706
1600000US3736514|2650|981|2563|511|3000|2630
1600000US3736640|2213|303|2031|413|2414|410
1600000US3736860|2086|305|2269|336|1893|317
1600000US3736960|919|53|900|20|1063|611
1600000US3737000|1433|673|1375|819|1625|844
1600000US3737040|1075|420|940|262|1346|533
1600000US3737120|706|335|953|300|530|209
1600000US3737160|3077|327|2886|626|3241|324
1600000US3737220|1396|142|1529|177|1218|230
1600000US3737260|705|133|1035|270|315|297
1600000US3737640|543|363|-666666666|-222222222|-666666666|-222222222
1600000US3737680|2419|106|2291|135|2720|210
1600000US3737760|1311|125|1378|218|1245|174
1600000US3738030|860|131|1141|432|667|182
1600000US3738040|2451|154|2569|221|2223|259
1600000US3738060|1400|98|1479|204|1304|155
1600000US3738100|1480|221|1826|250|1205|175
1600000US3738170|-666666666|-222222222|199|-333333333|-666666666|-222222222
1600000US3738200|1191|324|1132|233|-666666666|-222222222
1600000US3738220|2344|220|2468|196|1250|172
1600000US3738320|1970|212|1985|314|1914|609
1600000US3738360|1591|437|1571|460|1625|637
1600000US3738420|-666666666|-222222222|-666666666|-222222222|-666666666|-222222222
1600000US3738680|1476|525|1424|817|1583|665
1600000US3738860|2136|296|2265|296|1960|389
1600000US3739060|1561|757|-666666666|-222222222|1114|818
1600000US3739280|1259|206|1330|402|1203|188
1600000US3739360|1970|278|2254|509|1775|182
1600000US3739420|608|300|600|290|-666666666|-222222222
1600000US3739480|1474|655|1432|700|1742|501
1600000US3739520|2188|270|2302|413|2051|500
1600000US3739540|-666666666|-222222222|-666666666|-222222222|-666666666|-222222222
1600000US3739600|1240|568|1586|676|933|378
1600000US3739680|1375|865|1750|1123|-666666666|-222222222
1600000US3739700|1471|157|1753|134|1049|195
1600000US3739880|3810|576|3559|295|4127|898
1600000US3739960|1566|447|1765|586|700|659
1600000US3740140|744|171|575|326|800|171
1600000US3740240|1625|1176|-666666666|-222222222|1625|1479
1600000US3740460|1319|550|1805|417|941|375
1600000US3740540|967|501|1625|1253|933|322
1600000US3740560|1598|301|1798|360|1270|402
1600000US3740600|2118|415|1896|527|2340|440
1600000US3740640|705|177|1542|705|588|160
1600000US3740660|1318|125|1311|119|1375|353
1600000US3740860|700|207|-666666666|-222222222|674|265
1600000US3740980|1183|141|1279|44|199|-333333333
1600000US3741060|2516|417|2429|530|2685|579
1600000US3741220|1329|347|-666666666|-222222222|-666666666|-222222222
1600000US3741380|1196|326|1596|239|867|495
1600000US3741420|922|162|900|268|944|223
1600000US3741540|824|159|1044|261|756|75
1600000US3741580|1543|398|1653|878|1483|380
1600000US3741600|1197|784|2156|1296|930|137
1600000US3741620|1649|432|1695|466|1491|739
1600000US3741640|1175|266|1177|260|1170|726
1600000US3741720|5958|276|5991|344|5872|538
1600000US3741960|3047|96|3127|122|2881|126
1600000US3742000|-666666666|-222222222|-666666666|-222222222|-666666666|-222222222
1600000US3742020|1058|164|1203|107|762|221
1600000US3742060|1116|163|1261|200|897|211
1600000US3742100|1571|313|1477|291|1779|571
1600000US3742240|2547|138|2653|180|2264|224
1600000US3742480|1369|384|1188|548|1641|347
1600000US3742620|1741|209|1840|220|1191|100
1600000US3742640|-666666666|-222222222|-666666666|-222222222|3250|1990
1600000US3742700|1422|313|1983|559|1121|604
1600000US3742760|2462|120|2520|107|1560|769
1600000US3742860|1364|154|1455|222|964|322
1600000US3743160|1085|149|1117|163|1049|232
1600000US3743200|1224|326|1201|193|-666666666|-222222222
1600000US3743260|2199|214|2262|282|2107|387
1600000US3743300|1250|200|1213|185|1667|1356
1600000US3743320|1200|1154|1617|621|-666666666|-222222222
1600000US3743360|2051|374|2296|461|1677|521
1600000US3743440|1955|416|2020|525|1833|598
1600000US3743480|2866|121|2870|155|2859|193
1600000US3743580|980|364|-666666666|-222222222|964|350
1600000US3743720|1395|100|1368|104|1594|556
1600000US3743860|853|303|1700|703|-666666666|-222222222
1600000US3743880|1442|888|1852|627|1374|1117
1600000US3743920|1994|154|1975|177|2048|306
1600000US3744100|3250|1992|-666666666|-222222222|3341|1801
1600000US3744160|1023|609|1250|300|-666666666|-222222222
1600000US3744220|3381|105|3372|109|3417|323
1600000US3744280|1029|307|1144|208|549|548
1600000US3744320|1678|179|1659|163|1763|577
1600000US3744400|1689|184|1669|196|1734|350
1600000US3744520|4078|299|4113|350|4013|663
1600000US3744560|1122|338|1083|641|1133|761
1600000US3744700|1991|330|2087|390|1460|955
1600000US3744770|1059|203|1066|225|1046|363
1600000US3744800|1379|117|1387|188|1366|186
1600000US3744900|1159|182|1262|150|933|353
1600000US3744960|2866|212|2901|246|2738|462
1600000US3745100|1313|179|1502|230|1048|298
1600000US3745140|2510|425|2887|516|2147|1129
1600000US3745460|1892|109|1940|138|1506|577
1600000US3745560|1007|167|1153|143|808|191
1600000US3745640|1691|152|1745|152|1527|295
1600000US3745660|1343|391|1533|445|1129|670
1600000US3745720|1470|78|1408|70|1659|109
1600000US3745840|2012|202|2086|286|1906|174
1600000US3745880|2632|320|2382|533|3003|382
1600000US3746000|1557|193|1681|154|1213|485
1600000US3746060|1229|153|1329|168|841|470
1600000US3746100|563|93|556|132|576|138
1600000US3746280|1404|322|1545|393|1228|219
1600000US3746340|1734|133|1673|196|1832|236
1600000US3746650|1285|182|1306|692|1253|206
1600000US3746740|1096|409|1257|434|970|387
1600000US3746820|1108|170|1052|223|1155|230
1600000US3746860|1297|145|1262|215|1327|197
1600000US3747000|1473|177|1568|338|1389|210
1600000US3747020|1968|520|1750|619|2078|566
1600000US3747240|940|99|965|230|924|153
1600000US3747260|-666666666|-222222222|-666666666|-222222222|-666666666|-222222222
1600000US3747485|1487|171|1595|150|1269|106
1600000US3747695|2058|433|2274|369|1621|469
1600000US3747845|3912|587|4316|398|2807|720
1600000US3747860|1340|315|1685|329|1052|303
1600000US3747880|1365|486|958|281|2136|1022
1600000US3747980|1305|184|1444|314|1139|230
1600000US3748040|1714|183|1831|227|1497|313
1600000US3748060|1043|360|1100|472|1000|509
1600000US3748345|3156|177|3068|259|3281|222
1600000US3748480|3294|293|3300|435|3286|342
1600000US3748700|3648|186|3649|300|3648|280
1600000US3748740|2438|1324|2189|1877|2911|1908
1600000US3748790|2416|199|2494|234|2215|411
1600000US3748920|1026|291|1203|533|931|310
1600000US3748940|-666666666|-222222222|-666666666|-222222222|-666666666|-222222222
1600000US3749380|2511|391|2532|598|2482|426
1600000US3749460|-666666666|-222222222|1750|234|500|330
1600000US3749600|981|198|1115|240|914|199
1600000US3749800|1410|109|1480|380|1295|168
1600000US3750080|736|164|-666666666|-222222222|700|275
1600000US3750340|1528|194|1610|181|1275|587
1600000US3750540|1294|87|1345|618|1250|69
1600000US3750700|863|133|862|315|865|214
1600000US3750820|954|157|925|139|979|306
1600000US3751040|831|139|920|138|668|235
1600000US3751080|1294|256|1533|260|926|305
1600000US3751780|1303|376|1415|370|875|827
1600000US3751820|1563|202|1603|260|1506|396
1600000US3751840|1289|97|1332|100|1115|303
1600000US3751940|3010|168|2824|203|3209|198
1600000US3752000|2460|218|2453|385|2463|260
1600000US3752020|1678|216|1811|202|1264|251
1600000US3752140|1290|344|1519|1309|1267|305
1600000US3752160|-666666666|-222222222|-666666666|-222222222|-666666666|-222222222
1600000US3752220|2633|366|2776|441|1981|459
1600000US3752260|1268|77|1306|100|1108|160
1600000US3752400|1125|618|2094|1471|760|498
1600000US3752500|753|228|1143|654|669|408
1600000US3752660|3600|463|4049|388|2332|626
1600000US3752685|1775|512|1976|478|1511|1251
1600000US3752760|1573|433|1750|738|1427|150
1600000US3752920|1237|499|729|583|1472|504
1600000US3753040|1569|344|1676|340|1446|563
1600000US3753140|968|237|1540|329|808|157
1600000US3753160|1219|205|1244|204|1163|378
1600000US3753200|1369|424|1526|369|956|245
1600000US3753475|2636|189|2601|250|2689|326
1600000US3753580|980|197|-666666666|-222222222|1142|177
1600000US3753680|921|80|944|164|880|67
1600000US3753820|1906|411|1963|677|1818|458
1600000US3753840|1362|320|1608|132|988|198
1600000US3753900|800|352|1083|863|767|325
1600000US3753950|912|245|-666666666|-222222222|564|540
1600000US3754160|984|183|984|202|986|703
1600000US3754580|1333|140|1442|272|1158|246
1600000US3754600|984|383|-666666666|-222222222|911|679
1600000US3755000|3048|85|2938|72|3405|122
1600000US3755040|1287|98|1398|189|1173|113
1600000US3755080|1621|229|1805|209|1226|260
1600000US3755260|1865|202|1966|270|1482|429
1600000US3755340|-666666666|-222222222|-666666666|-222222222|-666666666|-222222222
1600000US3755460|1222|159|1255|132|1154|441
1600000US3755640|1683|353|1890|431|1490|406
1600000US3755660|798|364|1222|239|637|117
1600000US3755900|1407|123|1436|196|1373|203
1600000US3755940|659|53|714|31|397|153
1600000US3756100|525|300|-666666666|-222222222|-666666666|-222222222
1600000US3756240|1016|202|1036|218|900|455
1600000US3756340|1165|142|1242|85|906|374
1600000US3756360|1479|161|1526|256|1298|331
1600000US3756440|1109|222|1116|232|1095|415
1600000US3756600|1500|487|902|568|1625|205
1600000US3756710|1662|199|1615|169|1777|518
1600000US3756815|1446|289|1325|275|2151|1715
1600000US3756900|1960|215|1910|256|2077|300
1600000US3757000|1079|352|997|411|1131|884
1600000US3757020|-666666666|-222222222|-666666666|-222222222|-666666666|-222222222
1600000US3757039|1169|666|-666666666|-222222222|517|410
1600000US3757100|954|63|955|93|952|237
1600000US3757200|1590|128|1626|119|1408|304
1600000US3757260|1151|137|1099|226|1200|152
1600000US3757340|1602|219|1464|204|1768|251
1600000US3757500|1461|81|1586|134|1293|157
1600000US3757540|1403|323|1488|335|1250|678
1600000US3757580|-666666666|-222222222|-666666666|-222222222|-666666666|-222222222
1600000US3757640|4273|340|4311|344|3845|1480
1600000US3757700|828|133|700|124|895|123
1600000US3757740|620|180|667|132|552|303
1600000US3757800|1233|266|1313|393|1155|426
1600000US3757860|1402|256|1726|343|1077|257
1600000US3758020|1435|427|2225|1039|1233|562
1600000US3758040|2182|597|2766|705|1467|748
1600000US3758140|1343|319|4023|3849|1089|184
1600000US3758160|1524|389|1781|464|897|542
1600000US3758180|877|214|954|393|-666666666|-222222222
1600000US3758260|2066|351|2219|469|1791|590
1600000US3758340|1825|859|1148|217|2353|292
1600000US3758360|1361|177|1578|403|1180|142
1600000US3758420|1174|307|1089|431|1333|495
1600000US3758440|1136|157|1325|130|782|425
1600000US3758460|2247|678|1911|352|3060|1032
1600000US3758620|1495|209|1456|242|1679|639
1600000US3758630|2873|146|2785|187|2999|245
1600000US3758720|898|101|1099|396|844|108
1600000US3758730|985|70|1173|185|903|36
1600000US3758740|1015|214|1526|347|834|379
1600000US3758840|1370|322|2273|716|1212|149
1600000US3758860|2082|264|2191|358|1947|272
1600000US3758920|2682|396|2625|508|2735|612
1600000US3758940|2938|2397|2750|872|-666666666|-222222222
1600000US3759090|1279|233|1336|184|-666666666|-222222222
1600000US3759135|936|152|1306|515|876|284
1600000US3759280|2145|240|2381|264|1845|255
1600000US3759340|1020|266|1013|324|1042|781
1600000US3759540|1275|137|1246|141|1349|317
1600000US3759580|1008|354|1356|166|-666666666|-222222222
1600000US3759765|2306|456|2306|456|-666666666|-222222222
1600000US3759780|925|204|1379|290|770|164
1600000US3759980|1481|450|1162|308|1617|378
1600000US3760000|2296|261|2349|218|2220|571
1600000US3760080|1149|503|1169|448|-666666666|-222222222
1600000US3760180|1651|249|1692|211|1500|576
1600000US3760320|1356|113|1448|190|1196|191
1600000US3760505|2597|650|2760|795|2227|608
1600000US3760515|2041|401|1766|411|2452|702
1600000US3760540|500|438|-666666666|-222222222|-666666666|-222222222
1600000US3760560|857|417|775|645|900|573
1600000US3760800|2184|205|2192|235|2171|403
1600000US3760940|-666666666|-222222222|-666666666|-222222222|-666666666|-222222222
1600000US3761060|1295|274|1731|95|807|441
1600000US3761200|1638|113|1718|79|1396|227
1600000US3761860|1296|270|1766|325|920|392
1600000US3761920|632|270|-666666666|-222222222|632|270
1600000US3761950|1520|285|1431|309|1718|253
1600000US3762040|1266|573|1804|476|640|443
1600000US3762060|1843|200|1843|205|1875|1555
1600000US3762190|1404|209|1620|402|1219|148
1600000US3762520|2069|244|2201|264|1694|438
1600000US3762580|-666666666|-222222222|-666666666|-222222222|-666666666|-222222222
1600000US3762680|1580|416|1702|497|1359|468
1600000US3762760|1205|181|1322|383|1127|156
1600000US3763120|2799|267|2888|315|2582|576
1600000US3763130|3770|318|3664|321|4000|577
1600000US3763240|677|165|1021|680|282|281
1600000US3763340|-666666666|-222222222|-666666666|-222222222|-666666666|-222222222
1600000US3763360|1713|416|1927|709|1442|559
1600000US3763400|3047|378|2969|624|3109|379
1600000US3763470|968|135|967|285|968|156
1600000US3763560|1000|257|-666666666|-222222222|-666666666|-222222222
1600000US3763680|1442|249|1611|248|1152|179
1600000US3763720|583|440|-666666666|-222222222|467|368
1600000US3763760|1827|340|1798|281|2037|1299
1600000US3763780|-666666666|-222222222|-666666666|-222222222|-666666666|-222222222
1600000US3763880|1455|452|2012|516|1016|260
1600000US3763920|1212|499|-666666666|-222222222|1146|568
1600000US3764000|2544|220|2461|260|2922|556
1600000US3764050|1151|223|1161|406|1146|183
1600000US3764160|1181|103|1217|99|1112|245
1600000US3764180|1637|182|1870|354|1419|185
1600000US3764260|1324|236|1801|304|994|212
1600000US3764380|953|100|932|112|1018|281
1600000US3764420|2740|133|2698|154|2874|323
1600000US3764460|2125|401|2190|458|1833|994
1600000US3764500|2533|446|2884|363|1602|487
1600000US3764560|1284|167|1381|251|1075|270
1600000US3764580|1223|383|1359|265|1042|825
1600000US3764740|1879|175|2047|245|1684|182
1600000US3764840|1735|277|1758|403|1701|182
1600000US3764940|2206|329|2215|373|2176|932
1600000US3765020|1750|316|1757|149|-666666666|-222222222
1600000US3765040|2396|252|2511|285|1517|1237
1600000US3765100|1094|144|1194|191|1000|378
1600000US3765120|-666666666|-222222222|1150|275|-666666666|-222222222
1600000US3765260|1128|246|3294|2966|1028|680
1600000US3765320|1563|809|1292|1201|1750|689
1600000US3765530|2064|286|2244|498|1857|655
1600000US3765580|3337|276|3518|277|2939|448
1600000US3765700|-666666666|-222222222|-666666666|-222222222|-666666666|-222222222
1600000US3765900|2167|289|2098|428|2229|385
1600000US3766040|3245|430|3182|685|3330|433
1600000US3766280|1649|237|2041|346|1272|176
1600000US3766340|1093|516|-666666666|-222222222|1055|672
1600000US3766360|2806|537|2980|686|2337|446
1600000US3766460|1545|162|1578|190|1462|259
1600000US3766500|877|88|836|120|922|208
1600000US3766520|1192|100|1442|398|1137|136
1600000US3766700|1617|276|1552|462|1652|257
1600000US3766740|1375|404|1375|471|1250|1125
1600000US3766960|1719|226|1738|518|1709|243
1600000US3766980|1327|505|1711|328|928|209
1600000US3767000|1199|82|1202|109|1193|163
1600000US3767420|1446|89|1453|110|1426|156
1600000US3767700|641|140|583|349|672|218
1600000US3767720|1575|148|1598|186|1532|309
1600000US3768040|4900|898|5214|1016|4776|854
1600000US3768320|1225|795|-666666666|-222222222|1550|517
1600000US3768340|1804|94|1733|164|1880|166
1600000US3768400|1563|174|1622|205|1476|464
1600000US3768500|2615|418|3351|603|1729|465
1600000US3768520|1237|211|1273|254|1168|462
1600000US3768580|2142|266|2048|271|2409|513
1600000US3768740|562|295|573|366|559|408
1600000US3769020|918|198|928|219|908|313
1600000US3769260|1820|194|2012|263|1403|203
1600000US3769520|1561|239|1833|252|1333|173
1600000US3769600|1721|1280|-666666666|-222222222|-666666666|-222222222
1600000US3769640|1732|451|1767|743|1679|763
1600000US3769680|1090|255|1144|331|1027|368
1600000US3769720|-666666666|-222222222|1533|308|530|63
1600000US3769740|1746|257|1813|1469|1685|279
1600000US3769755|-666666666|-222222222|-666666666|-222222222|-666666666|-222222222
1600000US3769795|1532|333|1380|581|1572|365
1600000US3769840|1412|246|1883|777|900|338
1600000US3770320|571|248|-666666666|-222222222|580|286
1600000US3770340|1750|546|2380|583|1258|206
1600000US3770380|1162|88|1229|133|1117|136
1600000US3770480|1116|212|1066|372|1142|223
1600000US3770540|3853|155|3786|162|4204|477
1600000US3770580|-666666666|-222222222|-666666666|-222222222|-666666666|-222222222
1600000US3770660|1462|140|1466|185|1455|242
1600000US3770720|1617|233|2162|1281|1568|197
1600000US3770740|1696|153|1671|397|1706|142
1600000US3770780|1357|158|1344|187|1390|285
1600000US3770820|3962|536|3536|713|4375|364
1600000US3770860|1280|342|1275|1191|1283|260
1600000US3770920|1371|245|1683|519|1125|193
1600000US3771100|1546|361|1738|537|1368|629
1600000US3771160|987|331|1948|571|838|314
1600000US3771220|1729|114|1896|165|1344|224
1600000US3771240|2393|184|2000|498|2702|310
1600000US3771320|750|170|720|525|760|212
1600000US3771440|-666666666|-222222222|-666666666|-222222222|-666666666|-222222222
1600000US3771460|3906|284|3843|327|4095|643
1600000US3771500|1706|176|2033|294|1469|197
1600000US3771560|2719|223|2752|279|2623|536
1600000US3771600|1410|265|1792|734|1283|281
1600000US3771680|3990|337|4262|545|3593|312
1600000US3771760|960|52|983|124|924|114
1600000US3771780|1451|170|1660|259|1297|217
1600000US3771860|2396|310|2454|302|2039|1185
1600000US3771900|1193|176|1201|264|1183|186
1600000US3771940|2643|164|2812|179|2131|406
1600000US3772150|1164|219|1118|316|1325|506
1600000US3772540|1036|258|1262|321|900|187
1600000US3772600|557|220|571|388|546|340
1600000US3772755|3606|325|3535|355|3835|671
1600000US3773140|3151|343|3033|426|3407|584
1600000US3773160|1545|287|1632|297|1156|710
1600000US3773300|1526|230|1383|331|1594|237
1600000US3773320|-666666666|-222222222|-666666666|-222222222|-666666666|-222222222
1600000US3773460|1239|389|1256|336|1208|787
1600000US3773660|1700|233|1282|192|1944|325
1600000US3773760|1745|237|1888|279|1396|951
1600000US3773780|-666666666|-222222222|-666666666|-222222222|-666666666|-222222222
1600000US3774020|1576|285|1390|334|1829|638
1600000US3774220|1448|386|1296|497|1613|249
1600000US3774440|2558|88|2509|110|2675|191
1600000US3774540|1860|134|2030|167|1498|216
1600000US3774580|1815|169|1819|204|1802|321
1600000US3774680|785|283|876|425|638|424
1600000US3774720|2159|799|2181|832|-666666666|-222222222
1600000US3774760|1438|222|1555|270|1366|259
1600000US3775000|2025|75|2093|94|1918|92
1600000US3775060|1893|282|1875|323|1968|557
1600000US3775080|975|254|1325|333|867|286
1600000US3775280|2444|243|2764|305|1809|241
1600000US3775340|1457|260|1382|432|1533|414
1600000US3775375|1632|1107|2150|1252|1267|802
1600000US3775780|1080|216|1280|261|912|156
1600000US3775820|5781|932|5497|1278|6152|1750
1600000US3775880|894|860|1324|1119|757|549
1600000US3775960|1111|122|1156|120|990|185
1600000US3776000|1049|632|1250|995|1028|863
1600000US3776200|4319|612|4459|602|2879|1229
1600000US3776220|2505|291|2576|310|1679|800
1600000US4500100|740|197|1258|249|394|140
1600000US4500165|-666666666|-222222222|-666666666|-222222222|-666666666|-222222222
1600000US4500370|816|161|651|421|915|206
1600000US4500550|1273|89|1299|108|1236|180
1600000US4500775|1173|136|1214|139|750|581
1600000US4500955|678|156|1364|775|488|254
1600000US4501360|1366|82|1490|218|1175|120
1600000US4501450|1035|269|1169|211|672|216
1600000US4501810|1620|916|-666666666|-222222222|-666666666|-222222222
1600000US4502080|737|401|1225|62|567|289
1600000US4502125|2509|339|2525|244|2470|963
1600000US4502440|581|156|675|247|383|203
1600000US4502530|895|73|974|217|477|106
1600000US4502665|573|128|664|334|542|388
1600000US4503115|1188|586|-666666666|-222222222|1263|657
1600000US4503205|-666666666|-222222222|3250|2092|-666666666|-222222222
1600000US4503385|1459|510|1866|710|1024|688
1600000US4503430|957|101|1050|165|818|187
1600000US4503790|999|406|-666666666|-222222222|618|495
1600000US4504060|692|102|-666666666|-222222222|613|131
1600000US4504300|944|247|929|295|1013|464
1600000US4504528|2777|759|3032|443|1926|1860
1600000US4504690|1839|151|2258|516|1325|528
1600000US4504915|848|563|1073|404|413|313
1600000US4505365|918|312|1407|483|684|82
1600000US4505410|662|62|733|86|540|86
1600000US4505545|1253|357|1375|332|-666666666|-222222222
1600000US4505680|614|120|865|284|398|214
1600000US4505770|1301|80|1368|92|1150|200
1600000US4506040|535|89|518|123|556|157
1600000US4506310|775|156|800|216|718|224
1600000US4506400|1009|243|1211|217|496|263
1600000US4506490|643|228|664|128|579|531
1600000US4506850|-666666666|-222222222|-666666666|-222222222|-666666666|-222222222
1600000US4507210|2988|236|2919|256|3203|470
1600000US4507255|3199|468|3327|576|2858|897
1600000US4507345|1364|96|1436|111|1067|218
1600000US4507525|943|183|1194|684|760|297
1600000US4507535|815|127|877|217|730|257
1600000US4507840|687|254|1045|458|535|180
1600000US4508110|-666666666|-222222222|-666666666|-222222222|-666666666|-222222222
1600000US4508155|642|320|-666666666|-222222222|-666666666|-222222222
1600000US4508245|618|413|1740|363|531|78
1600000US4508830|2836|337|2730|218|2981|560
1600000US4509527|635|100|-666666666|-222222222|558|111
1600000US4509782|-666666666|-222222222|-666666666|-222222222|-666666666|-222222222
1600000US4509865|1176|360|1542|796|1048|535
1600000US4510000|468|157|265|42|555|441
1600000US4510090|504|348|-666666666|-222222222|549|509
1600000US4510135|532|261|654|507|473|174
1600000US4510270|788|249|889|160|467|230
1600000US4510360|1136|260|1089|645|1288|629
1600000US4510585|-666666666|-222222222|-666666666|-222222222|-666666666|-222222222
1600000US4510720|442|86|536|99|364|35
1600000US4510855|1408|160|1512|166|1194|302
1600000US4510900|903|117|882|102|1029|506
1600000US4511035|1080|500|863|350|1608|573
1600000US4511125|1962|524|2488|489|1069|651
1600000US4511350|1500|466|1347|347|-666666666|-222222222
1600000US4511620|1189|118|1219|126|1126|310
1600000US4511755|-666666666|-222222222|-666666666|-222222222|-666666666|-222222222
1600000US4511833|1125|104|1158|139|1066|143
1600000US4512205|297|70|375|357|236|42
1600000US4512430|992|312|1048|403|-666666666|-222222222
1600000US4512520|671|143|727|118|286|101
1600000US4512655|843|73|983|93|691|83
1600000US4512925|213|111|-666666666|-222222222|206|105
1600000US4512965|886|70|975|136|786|102
1600000US4513015|936|319|1268|458|471|148
1600000US4513060|436|167|500|494|413|302
1600000US4513150|1138|167|1201|189|936|341
1600000US4513330|2214|86|2290|110|1994|141
1600000US4513600|503|205|983|209|351|66
1600000US4513735|-666666666|-222222222|-666666666|-222222222|-666666666|-222222222
1600000US4514018|199|-333333333|199|-333333333|199|-333333333
1600000US4514050|880|291|1339|396|579|335
1600000US4514095|1075|409|1367|1167|864|352
1600000US4514140|804|211|882|289|567|528
1600000US4514230|972|247|950|287|1083|552
1600000US4514455|1692|831|1913|479|-666666666|-222222222
1600000US4514590|-666666666|-222222222|-666666666|-222222222|-666666666|-222222222
1600000US4514860|631|186|668|237|574|210
1600000US4514950|1912|153|2008|265|1723|268
1600000US4515040|-666666666|-222222222|-666666666|-222222222|-666666666|-222222222
1600000US4515220|-666666666|-222222222|-666666666|-222222222|-666666666|-222222222
1600000US4515295|1011|239|1046|256|757|679
1600000US4515310|683|85|530|160|696|93
1600000US4515355|1686|195|1871|265|1012|592
1600000US4515625|704|161|-666666666|-222222222|806|559
1600000US4516000|1700|88|1814|104|1410|166
1600000US4516180|-666666666|-222222222|-666666666|-222222222|-666666666|-222222222
1600000US4516360|500|100|671|466|436|145
1600000US4516405|1024|82|1078|102|955|75
1600000US4516675|-666666666|-222222222|-666666666|-222222222|-666666666|-222222222
1600000US4516720|-666666666|-222222222|-666666666|-222222222|-666666666|-222222222
1600000US4516855|-666666666|-222222222|-666666666|-222222222|-666666666|-222222222
1600000US4516945|-666666666|-222222222|-666666666|-222222222|-666666666|-222222222
1600000US4516990|1087|332|1434|302|767|454
1600000US4517215|479|141|416|147|530|283
1600000US4517260|1291|217|1459|505|1234|199
1600000US4517845|618|131|-666666666|-222222222|618|131
1600000US4517890|272|70|500|359|234|99
1600000US4518250|1057|419|-666666666|-222222222|870|569
1600000US4518340|-666666666|-222222222|-666666666|-222222222|-666666666|-222222222
1600000US4518430|745|192|915|374|611|181
1600000US4518475|563|225|-666666666|-222222222|471|312
1600000US4518565|894|199|1147|390|742|226
1600000US4518610|-666666666|-222222222|-666666666|-222222222|3425|1326
1600000US4518706|267|266|-666666666|-222222222|199|-333333333
1600000US4518810|4351|963|3849|797|4886|1642
1600000US4519105|744|201|723|380|751|237
1600000US4519285|1357|245|1436|321|1090|503
1600000US4519420|522|116|952|200|379|63
1600000US4519870|538|97|738|249|406|106
1600000US4520365|615|589|1219|114|-666666666|-222222222
1600000US4520590|922|380|1031|865|-666666666|-222222222
1600000US4521040|700|221|1037|394|568|87
1600000US4521130|-666666666|-222222222|-666666666|-222222222|-666666666|-222222222
1600000US4521265|1253|256|1219|271|1513|487
1600000US4521310|1278|181|1423|323|1133|203
1600000US4521985|978|85|1110|146|813|94
1600000US4522050|748|203|769|348|693|376
1600000US4522075|457|141|676|428|285|186
1600000US4522390|814|178|813|564|815|183
1600000US4522547|390|244|592|234|341|279
1600000US4522795|794|265|766|391|908|187
1600000US4522997|485|272|-666666666|-222222222|425|324
1600000US4523020|3832|256|3881|332|3746|421
1600000US4523110|516|76|1645|1568|450|125
1600000US4523200|768|545|-666666666|-222222222|728|303
1600000US4523245|1091|115|1126|108|833|304
1600000US4523290|957|153|958|154|795|595
1600000US4523335|640|461|740|219|244|49
1600000US4523425|432|276|199|-333333333|440|270
1600000US4523470|1326|396|1375|331|-666666666|-222222222
1600000US4523605|444|163|383|238|474|187
1600000US4523830|800|490|1637|713|-666666666|-222222222
1600000US4524020|954|122|1202|355|918|99
1600000US4524100|955|745|2375|304|-666666666|-222222222
1600000US4524370|685|187|-666666666|-222222222|674|182
1600000US4524505|672|133|590|498|696|79
1600000US4524730|-666666666|-222222222|2235|916|773|436
1600000US4524865|687|178|1025|850|655|210
1600000US4525360|-666666666|-222222222|-666666666|-222222222|-666666666|-222222222
1600000US4525405|542|256|-666666666|-222222222|900|726
1600000US4525540|2198|144|2292|125|1843|379
1600000US4525810|860|58|938|69|683|74
1600000US4525945|419|248|524|337|-666666666|-222222222
1600000US4526035|3318|601|3281|479|3600|2105
1600000US4526305|1736|146|1943|178|1308|184
1600000US4526372|927|51|937|61|887|158
1600000US4526485|-666666666|-222222222|-666666666|-222222222|-666666666|-222222222
1600000US4526845|758|344|1168|259|429|179
1600000US4526890|3385|152|3467|177|3125|384
1600000US4527070|1430|123|1462|136|1247|354
1600000US4527565|3321|921|2902|441|3926|1951
1600000US4527835|1141|1047|-666666666|-222222222|1543|1075
1600000US4527970|589|152|490|166|702|138
1600000US4528060|756|98|841|237|694|98
1600000US4528375|868|122|1177|237|710|80
1600000US4528455|749|94|804|171|712|119
1600000US4528780|379|136|498|74|199|-333333333
1600000US4528825|-666666666|-222222222|199|-333333333|439|366
1600000US4528870|908|59|1321|224|693|214
1600000US4529005|380|365|-666666666|-222222222|330|312
1600000US4529050|1108|279|1319|202|848|170
1600000US4529140|-666666666|-222222222|-666666666|-222222222|-666666666|-222222222
1600000US4529275|-666666666|-222222222|472|77|-666666666|-222222222
1600000US4529320|1208|84|-666666666|-222222222|-666666666|-222222222
1600000US4529410|565|399|613|440|-666666666|-222222222
1600000US4529635|964|283|1154|185|777|151
1600000US4529815|1422|51|1450|63|1314|124
1600000US4529950|1150|1091|-666666666|-222222222|-666666666|-222222222
1600000US4530220|-666666666|-222222222|-666666666|-222222222|-666666666|-222222222
1600000US4530265|441|153|465|178|431|206
1600000US4530355|509|158|600|505|465|162
1600000US4530490|589|155|1103|404|446|135
1600000US4530535|633|277|1031|511|453|222
1600000US4530760|-666666666|-222222222|-666666666|-222222222|-666666666|-222222222
1600000US4530850|2630|162|2714|164|2395|383
1600000US4530895|1025|116|1294|96|648|118
1600000US4530985|1840|127|1942|137|1455|205
1600000US4531210|-666666666|-222222222|-666666666|-222222222|199|-333333333
1600000US4531660|447|275|-666666666|-222222222|452|270
1600000US4531885|1430|721|2000|1349|1367|440
1600000US4532065|1467|87|1688|125|1120|119
1600000US4532172|5476|2297|-666666666|-222222222|5625|2653
1600000US4532245|3559|179|3524|194|3629|367
1600000US4532335|1301|156|1688|492|1110|425
1600000US4532560|837|147|891|348|804|414
1600000US4532965|354|166|743|505|258|29
1600000US4533100|577|309|514|44|682|625
1600000US4533145|930|241|742|170|1218|218
1600000US4533640|780|184|1000|232|633|184
1600000US4533820|453|225|515|301|406|299
1600000US4533977|772|234|817|309|732|360
1600000US4534045|3066|179|2905|220|3271|270
1600000US4534225|900|368|900|513|-666666666|-222222222
1600000US4534360|1229|374|1550|402|780|340
1600000US4534495|1924|526|2371|540|918|665
1600000US4534720|481|84|657|165|296|157
1600000US4534765|511|74|486|66|960|782
1600000US4534810|912|215|1173|181|641|402
1600000US4534990|791|269|1056|275|722|236
1600000US4535635|1551|181|1648|171|1197|210
1600000US4535755|1293|197|1436|259|965|208
1600000US4535800|629|194|650|243|-666666666|-222222222
1600000US4535890|1253|96|1248|76|1280|371
1600000US4535980|686|191|-666666666|-222222222|270|173
1600000US4536070|-666666666|-222222222|-666666666|-222222222|-666666666|-222222222
1600000US4536115|3480|447|3252|528|3980|704
1600000US4536160|748|499|1087|671|652|205
1600000US4536205|1128|499|1580|395|701|84
1600000US4536250|559|354|-666666666|-222222222|512|283
1600000US4536430|1784|106|1777|87|1822|394
1600000US4536475|690|27|-666666666|-222222222|671|87
1600000US4536610|658|82|900|519|610|147
1600000US4536655|600|384|-666666666|-222222222|-666666666|-222222222
1600000US4536790|387|115|498|173|334|106
1600000US4537105|664|115|771|180|505|117
1600000US4537150|564|74|609|189|531|102
1600000US4537330|629|164|709|284|617|297
1600000US4537465|886|234|829|369|1046|538
1600000US4538058|1964|349|2246|358|1788|278
1600000US4538095|692|187|980|248|522|53
1600000US4538110|-666666666|-222222222|-666666666|-222222222|-666666666|-222222222
1600000US4538162|8349|1836|9203|2174|7165|2137
1600000US4538590|981|300|987|294|-666666666|-222222222
1600000US4538950|-666666666|-222222222|1117|375|199|-333333333
1600000US4539220|1040|122|1236|86|752|285
1600000US4539265|1259|88|-666666666|-222222222|1261|124
1600000US4539310|577|143|720|333|532|54
1600000US4539475|2774|269|2503|241|3355|411
1600000US4539512|1286|550|1358|716|1183|563
1600000US4539715|498|93|1075|293|427|245
1600000US4539772|1311|556|1689|199|490|270
1600000US4539785|1970|220|2011|250|1818|454
1600000US4539805|436|105|515|34|331|88
1600000US4539895|1320|124|1426|163|1095|226
1600000US4540075|1304|169|1536|275|824|481
1600000US4540210|620|516|199|-333333333|760|647
1600000US4540390|349|162|-666666666|-222222222|396|159
1600000US4540480|689|105|925|255|540|359
1600000US4540525|1430|302|1451|436|1348|1142
1600000US4540615|730|179|808|258|570|294
1600000US4541065|1142|259|1220|312|955|209
1600000US4541335|1541|112|1634|142|1370|140
1600000US4541380|684|195|943|281|530|75
1600000US4541740|1038|722|1756|215|763|293
1600000US4541830|1655|206|1533|302|1733|143
1600000US4541965|1311|164|1391|324|1250|215
1600000US4542010|960|97|1082|139|859|131
1600000US4542055|349|40|-666666666|-222222222|331|46
1600000US4542095|-666666666|-222222222|-666666666|-222222222|-666666666|-222222222
1600000US4542100|800|305|-666666666|-222222222|863|282
1600000US4542145|-666666666|-222222222|-666666666|-222222222|-666666666|-222222222
1600000US4542190|380|101|-666666666|-222222222|404|128
1600000US4542280|-666666666|-222222222|1000|817|229|86
1600000US4542460|-666666666|-222222222|-666666666|-222222222|-666666666|-222222222
1600000US4542730|1034|214|859|207|1450|284
1600000US4542820|-666666666|-222222222|-666666666|-222222222|-666666666|-222222222
1600000US4542865|960|262|1536|671|757|313
1600000US4543000|1144|53|1207|54|873|172
1600000US4543090|547|459|-666666666|-222222222|500|108
1600000US4543135|199|-333333333|-666666666|-222222222|199|-333333333
1600000US4543315|1655|141|1756|141|1193|251
1600000US4543360|520|96|-666666666|-222222222|489|85
1600000US4543495|455|99|625|171|300|226
1600000US4543585|1841|155|2094|440|1522|275
1600000US4543630|410|127|852|181|326|219
1600000US4543675|781|292|1250|577|696|79
1600000US4543720|589|89|557|90|646|114
1600000US4544350|950|151|1096|297|868|176
1600000US4544395|379|135|361|28|533|331
1600000US4544575|705|285|1806|1180|511|108
1600000US4545115|1325|66|1449|84|1104|124
1600000US4545295|538|508|550|492|-666666666|-222222222
1600000US4545430|958|889|1292|847|-666666666|-222222222
1600000US4545790|2713|860|3064|642|1925|1780
1600000US4547050|-666666666|-222222222|-666666666|-222222222|-666666666|-222222222
1600000US4547200|531|227|555|270|-666666666|-222222222
1600000US4547275|1805|123|1856|120|1526|334
1600000US4547320|414|242|-666666666|-222222222|457|187
1600000US4548310|364|25|-666666666|-222222222|368|35
1600000US4548355|456|128|590|428|329|107
1600000US4548535|2300|81|2286|102|2356|225
1600000US4548670|472|458|-666666666|-222222222|-666666666|-222222222
1600000US4548737|1081|432|-666666666|-222222222|-666666666|-222222222
1600000US4548805|536|177|588|293|505|381
1600000US4548900|1092|785|2485|1280|352|244
1600000US4548985|1376|129|1423|176|1285|204
1600000US4549075|1209|69|1325|82|1049|119
1600000US4549390|623|145|800|733|614|193
1600000US4549570|1283|97|1413|136|1125|164
1600000US4549705|632|133|840|219|436|106
1600000US4549885|1399|160|1656|141|1075|210
1600000US4549975|682|459|-666666666|-222222222|682|459
1600000US4550020|273|110|-666666666|-222222222|391|186
1600000US4550110|544|184|-666666666|-222222222|481|189
1600000US4550290|977|176|1106|217|913|158
1600000US4550515|480|70|574|117|402|95
1600000US4550560|671|161|579|99|750|537
1600000US4550695|1249|89|1378|121|1070|181
1600000US4550875|1527|107|1744|125|1129|127
1600000US4551145|513|299|1077|553|347|35
1600000US4551180|1334|275|1280|218|1506|709
1600000US4551280|1453|90|1500|166|1404|142
1600000US4551367|1757|1404|-666666666|-222222222|1568|1122
1600000US4551550|933|506|1250|739|740|569
1600000US4551720|974|45|1056|81|761|106
1600000US4551887|960|168|1065|207|860|529
1600000US4552540|371|196|452|121|296|216
1600000US4552585|683|364|900|217|-666666666|-222222222
1600000US4552900|-666666666|-222222222|-666666666|-222222222|-666666666|-222222222
1600000US4553080|1152|182|1371|287|975|143
1600000US4553485|-666666666|-222222222|-666666666|-222222222|-666666666|-222222222
1600000US4553845|928|125|1255|142|847|254
1600000US4554025|651|260|955|481|-666666666|-222222222
1600000US4554340|445|173|570|174|294|244
1600000US4554535|986|112|1217|82|802|150
1600000US4554700|625|483|-666666666|-222222222|-666666666|-222222222
1600000US4554925|345|95|346|36|344|224
1600000US4554970|557|422|1197|844|514|42
1600000US4555015|10001|-333333333|8333|4153|10001|-333333333
1600000US4555060|657|474|575|400|823|738
1600000US4555150|1240|42|-666666666|-222222222|1214|209
1600000US4555420|957|138|959|180|927|198
1600000US4555465|354|31|859|512|334|48
1600000US4555645|1341|277|1513|274|989|417
1600000US4555960|281|133|283|210|280|250
1600000US4556140|894|81|984|169|832|91
1600000US4556365|715|92|879|137|482|157
1600000US4556545|2225|464|2367|343|1061|674
1600000US4556905|203|202|-666666666|-222222222|200|184
1600000US4556950|991|174|1252|349|836|122
1600000US4557085|500|387|840|192|328|166
1600000US4557175|1494|1222|-666666666|-222222222|-666666666|-222222222
1600000US4557670|581|459|1500|1067|547|225
1600000US4557850|967|339|1100|359|820|591
1600000US4558030|2010|313|2131|340|1477|597
1600000US4558170|1292|105|1415|145|1024|159
1600000US4558435|-666666666|-222222222|-666666666|-222222222|-666666666|-222222222
1600000US4558570|589|435|1100|418|303|99
1600000US4558615|-666666666|-222222222|-666666666|-222222222|-666666666|-222222222
1600000US4558705|1003|277|1355|417|598|390
1600000US4558795|694|270|783|262|575|503
1600000US4558930|-666666666|-222222222|-666666666|-222222222|-666666666|-222222222
1600000US4559020|1651|171|1850|166|1088|417
1600000US4559110|930|90|1022|106|607|132
1600000US4559190|779|71|850|154|687|132
1600000US4559380|517|505|-666666666|-222222222|331|113
1600000US4559425|1731|124|1822|136|1327|386
1600000US4559470|199|-333333333|-666666666|-222222222|199|-333333333
1600000US4559920|586|282|1250|698|429|296
1600000US4560280|1297|220|1335|276|1170|468
1600000US4560325|753|141|913|421|700|206
1600000US4560370|1228|320|1000|917|1250|284
1600000US4560415|1197|137|1271|128|-666666666|-222222222
1600000US4561112|1817|1721|2411|1915|-666666666|-222222222
1600000US4561405|1543|85|1644|95|1268|159
1600000US4561495|1639|609|1375|1296|1781|388
1600000US4561720|1156|197|1279|274|925|273
1600000US4562035|888|168|1100|358|831|149
1600000US4562080|467|129|383|233|506|156
1600000US4562305|-666666666|-222222222|-666666666|-222222222|-666666666|-222222222
1600000US4562395|1080|73|1152|69|892|95
1600000US4562485|-666666666|-222222222|-666666666|-222222222|1569|1387
1600000US4562530|1041|239|1250|94|802|265
1600000US4562620|755|104|797|376|733|207
1600000US4562755|745|242|1172|553|539|67
1600000US4562980|533|369|750|491|393|334
1600000US4563115|833|777|1022|950|600|408
1600000US4563250|384|163|767|280|365|22
1600000US4563655|1331|681|1302|1136|1375|882
1600000US4563665|1171|91|1167|111|1181|141
1600000US4563700|1336|183|1474|249|1111|278
1600000US4563790|1277|145|1345|164|1174|281
1600000US4564240|511|204|883|296|415|112
1600000US4564465|483|288|614|227|199|-333333333
1600000US4564600|235|58|-666666666|-222222222|216|75
1600000US4564690|-666666666|-222222222|3026|911|199|-333333333
1600000US4564712|3970|440|3500|476|4328|383
1600000US4565005|199|-333333333|-666666666|-222222222|199|-333333333
1600000US4565095|1175|119|1247|142|1031|285
1600000US4565207|930|84|1075|110|691|109
1600000US4565410|747|129|1321|256|669|115
1600000US4565590|-666666666|-222222222|2431|1758|-666666666|-222222222
1600000US4565680|1221|732|3262|2687|753|544
1600000US4565950|-666666666|-222222222|-666666666|-222222222|-666666666|-222222222
1600000US4566400|900|421|875|426|-666666666|-222222222
1600000US4566580|1443|97|1474|139|1349|160
1600000US4566760|1109|204|1162|298|1036|263
1600000US4566917|569|267|1088|220|383|295
1600000US4567165|767|355|933|315|588|384
1600000US4567210|767|505|-666666666|-222222222|-666666666|-222222222
1600000US4567255|840|354|1389|378|-666666666|-222222222
1600000US4567390|754|61|877|128|596|61
1600000US4567435|426|105|525|195|367|111
1600000US4567705|744|112|846|87|520|98
1600000US4567750|857|196|893|158|811|601
1600000US4568177|439|342|2245|1700|350|242
1600000US4568210|700|506|495|434|-666666666|-222222222
1600000US4568290|1542|122|1831|151|1222|101
1600000US4568380|629|138|671|75|555|260
1600000US4568425|987|137|1217|158|752|129
1600000US4568470|736|184|1375|1171|629|134
1600000US4568875|850|250|950|247|475|132
1600000US4568920|-666666666|-222222222|-666666666|-222222222|-666666666|-222222222
1600000US4569010|1222|187|1231|181|1188|473
1600000US4570045|-666666666|-222222222|-666666666|-222222222|-666666666|-222222222
1600000US4570090|8533|1650|8272|1803|10001|-333333333
1600000US4570225|1042|550|1061|749|-666666666|-222222222
1600000US4570270|1946|104|2080|156|1620|213
1600000US4570315|694|229|859|191|518|176
1600000US4570405|1123|77|1277|93|859|128
1600000US4570585|1508|188|1534|272|1495|251
1600000US4570675|838|524|786|628|1150|903
1600000US4570900|-666666666|-222222222|-666666666|-222222222|363|354
1600000US4571170|-666666666|-222222222|-666666666|-222222222|-666666666|-222222222
1600000US4571305|400|150|-666666666|-222222222|400|216
1600000US4571395|1393|71|1388|69|1403|172
1600000US4571417|3221|564|3531|641|2622|691
1600000US4571658|4815|1114|2850|1033|7069|1531
1600000US4571890|-666666666|-222222222|-666666666|-222222222|-666666666|-222222222
1600000US4571980|461|74|508|53|372|220
1600000US4572295|-666666666|-222222222|-666666666|-222222222|-666666666|-222222222
1600000US4572430|1485|191|1489|222|1475|341
1600000US4572520|779|310|1000|412|700|369
1600000US4572655|393|297|563|346|360|268
1600000US4572745|520|125|512|212|544|298
1600000US4572880|-666666666|-222222222|722|337|-666666666|-222222222
1600000US4573105|597|97|855|76|467|126
1600000US4573240|1114|381|1137|797|950|789
1600000US4573330|703|243|685|333|830|733
1600000US4573465|1226|80|1328|117|1152|130
1600000US4573510|-666666666|-222222222|199|-333333333|486|35
1600000US4573555|1145|982|2150|1085|-666666666|-222222222
1600000US4573600|893|118|1024|300|853|139
1600000US4573870|1614|119|1682|204|1519|140
1600000US4574050|324|99|358|198|217|117
1600000US4574095|902|102|985|201|798|163
1600000US4574140|432|205|524|519|337|152
1600000US4574275|1222|114|1271|263|1183|140
1600000US4574590|575|223|-666666666|-222222222|575|355
1600000US4574635|-666666666|-222222222|729|582|199|-333333333
1600000US4574680|560|83|699|71|499|56
1600000US4574725|277|115|590|288|199|-333333333
1600000US4574995|383|254|490|93|210|180
1600000US4575220|-666666666|-222222222|760|378|-666666666|-222222222
1600000US4575445|452|102|444|191|456|136
1600000US4575535|1296|98|1337|127|1130|345
1600000US4575580|1360|163|1338|175|1442|393
1600000US4575850|1086|80|1288|82|790|112
1600000US4576165|942|232|1221|524|673|135
1600000US4576345|977|299|1175|192|529|371
1600000US4576435|715|178|950|137|-666666666|-222222222
1600000US4577042|1285|100|1356|115|852|135
1600000US4577380|561|44|548|82|572|98
1600000US4577425|790|113|895|82|657|157
1600000US4577672|386|140|592|290|290|97
1600000US4577785|1118|434|1183|109|-666666666|-222222222
1600000US4577875|1045|266|1335|294|621|360
1600000US4577920|199|-333333333|-666666666|-222222222|199|-333333333
1600000US4577965|712|144|768|141|463|306
1600000US4578190|-666666666|-222222222|-666666666|-222222222|199|-333333333
1600000US4578460|837|351|1402|567|482|190
1600000US4578505|-666666666|-222222222|864|490|285|261
1600000US4578640|740|374|-666666666|-222222222|-666666666|-222222222
1600000US4578820|1223|125|1293|125|752|482
1600000US4578910|-666666666|-222222222|-666666666|-222222222|600|433
1600000US4579090|921|172|1112|222|472|96
1600000US4579341|1215|139|1309|102|1044|237
1600000US4579450|823|444|1232|292|400|240
1600000US4579630|1383|295|1881|420|586|359
1600000US4579720|-666666666|-222222222|-666666666|-222222222|-666666666|-222222222
