GEO_ID|B25003_E001|B25003_M001|B25003_E002|B25003_M002|B25003_E003|B25003_M003
0500000US37001|70062|653|45543|1062|24519|1118
0500000US37003|14126|362|11397|473|2729|359
0500000US37005|5177|285|3853|228|1324|217
0500000US37007|8548|366|5857|335|2691|416
0500000US37009|12201|470|9685|382|2516|409
0500000US37011|6791|375|5637|280|1154|244
0500000US37013|19385|464|13478|454|5907|493
0500000US37015|7143|318|5194|313|1949|381
0500000US37017|11824|364|8183|389|3641|406
0500000US37019|69124|1093|58472|1096|10652|897
0500000US37021|101855|2041|67411|1889|34444|1573
0500000US37023|36306|496|27054|741|9252|734
0500000US37025|84246|966|59958|1219|24288|1180
0500000US37027|32919|534|24209|753|8710|736
0500000US37029|4011|139|3293|226|718|223
0500000US37031|31977|549|23885|511|8092|588
0500000US37033|8830|297|6637|318|2193|332
0500000US37035|66227|707|47794|1018|18433|1128
0500000US37037|33004|461|26591|795|6413|760
0500000US37039|13241|406|11083|417|2158|383
0500000US37041|6134|271|4326|308|1808|347
0500000US37043|5081|321|4125|307|956|272
0500000US37045|38850|585|27540|756|11310|713
0500000US37047|20048|392|14252|522|5796|487
0500000US37049|42871|587|29343|870|13528|779
0500000US37051|129758|563|71328|1067|58430|1122
0500000US37053|11845|295|10337|398|1508|293
0500000US37055|16836|642|13202|568|3634|463
0500000US37057|69846|661|51944|1018|17902|954
0500000US37059|17270|369|14204|425|3066|337
0500000US37061|20787|424|14621|497|6166|524
0500000US37063|141847|932|78724|1330|63123|1435
0500000US37065|19652|475|11950|542|7702|504
0500000US37067|159925|1210|101645|1614|58280|1346
0500000US37069|28529|518|22420|647|6109|625
0500000US37071|93576|663|62554|1044|31022|1028
0500000US37073|4192|180|3390|232|802|194
0500000US37075|3524|201|2844|195|680|174
0500000US37077|22474|482|17325|600|5149|505
0500000US37079|6912|204|4597|329|2315|327
0500000US37081|219718|1067|131715|1769|88003|1820
0500000US37083|20383|418|12830|494|7553|473
0500000US37085|49845|512|35404|862|14441|832
0500000US37087|27123|647|20314|667|6809|623
0500000US37089|51067|711|38311|892|12756|817
0500000US37091|8285|224|5581|296|2704|261
0500000US37093|19258|213|14053|435|5205|438
0500000US37095|1939|239|1395|234|544|211
0500000US37097|76344|724|54856|1002|21488|875
0500000US37099|18430|616|11201|583|7229|652
0500000US37101|85591|730|65092|1328|20499|1263
0500000US37103|4125|151|3277|197|848|173
0500000US37105|25145|420|16927|743|8218|673
0500000US37107|23351|486|13826|652|9525|721
0500000US37109|36811|527|29052|704|7759|727
0500000US37111|18638|439|14088|549|4550|521
0500000US37113|18406|675|14285|780|4121|647
0500000US37115|8342|292|6461|300|1881|257
0500000US37117|9502|262|6346|348|3156|351
0500000US37119|466527|1677|257167|3042|209360|2911
0500000US37121|6587|269|5023|285|1564|263
0500000US37123|10643|460|7981|425|2662|355
0500000US37125|44013|659|33621|742|10392|757
0500000US37127|38797|583|24658|799|14139|752
0500000US37129|104856|1084|64383|1382|40473|1432
0500000US37131|7857|248|5860|249|1997|215
0500000US37133|75265|796|47971|1191|27294|1104
0500000US37135|57342|691|36606|794|20736|830
0500000US37137|5456|231|4522|222|934|179
0500000US37139|15785|384|10653|476|5132|466
0500000US37141|25291|522|20916|700|4375|583
0500000US37143|5614|213|4297|276|1317|256
0500000US37145|16063|464|12414|444|3649|460
0500000US37147|74533|816|38344|1206|36189|1364
0500000US37149|8976|238|6902|320|2074|310
0500000US37151|57721|548|41868|953|15853|928
0500000US37153|17026|468|11228|657|5798|636
0500000US37155|43134|344|28399|612|14735|547
0500000US37157|39606|526|28545|733|11061|727
0500000US37159|58899|715|42593|1085|16306|1090
0500000US37161|26642|396|19684|621|6958|560
0500000US37163|21607|439|15948|582|5659|534
0500000US37165|12580|200|7773|275|4807|283
0500000US37167|25240|380|18792|517|6448|497
0500000US37169|19546|331|15478|517|4068|523
0500000US37171|29869|421|21930|629|7939|674
0500000US37173|6013|250|4369|227|1644|235
0500000US37175|14584|428|10889|419|3695|347
0500000US37177|1547|130|1204|179|343|132
0500000US37179|84237|575|68778|1053|15459|958
0500000US37181|16147|422|9712|505|6435|532
0500000US37183|460175|2096|295069|3419|165106|3068
0500000US37185|8147|272|5651|282|2496|326
0500000US37187|4744|237|3227|267|1517|260
0500000US37189|21198|594|13157|509|8041|618
0500000US37191|47507|632|29195|837|18312|919
0500000US37193|27107|553|19928|636|7179|606
0500000US37195|33068|423|19856|588|13212|644
0500000US37197|15009|366|11546|466|3463|423
0500000US37199|8130|353|6457|329|1673|309
0500000US45001|9762|394|7628|424|2134|331
0500000US45003|69916|942|53513|1170|16403|1233
0500000US45005|3238|148|1998|205|1240|210
0500000US45007|83904|631|62799|1129|21105|1052
0500000US45009|4644|250|3269|238|1375|255
0500000US45011|8116|235|5757|314|2359|298
0500000US45013|82333|953|62527|1127|19806|1030
0500000US45015|93711|781|69861|1260|23850|1249
0500000US45017|6179|207|5254|278|925|222
0500000US45019|178975|1483|114350|1763|64625|2013
0500000US45021|22063|448|16290|571|5773|526
0500000US45023|13159|265|10321|324|2838|361
0500000US45025|17534|406|12760|498|4774|473
0500000US45027|12356|320|9013|411|3343|307
0500000US45029|16408|399|12026|530|4382|533
0500000US45031|25561|414|18126|621|7435|620
0500000US45033|10829|315|7003|366|3826|411
0500000US45035|63179|563|47721|1180|15458|1104
0500000US45037|9768|275|7824|309|1944|284
0500000US45039|8930|330|6666|360|2264|316
0500000US45041|52856|752|34092|1005|18764|1002
0500000US45043|27129|616|22776|726|4353|589
0500000US45045|220565|1294|152025|2010|68540|2055
0500000US45047|27884|487|18685|609|9199|587
0500000US45049|7225|230|5306|258|1919|251
0500000US45051|158779|1593|122680|2010|36099|1536
0500000US45053|13118|354|10122|427|2996|494
0500000US45055|26897|357|22066|545|4831|522
0500000US45057|40128|616|33409|691|6719|612
0500000US45059|26959|472|19269|666|7690|562
0500000US45061|6351|223|4477|260|1874|249
0500000US45063|121964|765|94401|1232|27563|1152
0500000US45065|4199|226|3691|229|508|127
0500000US45067|12177|376|7626|444|4551|537
0500000US45069|9789|374|6166|356|3623|425
0500000US45071|15325|371|11202|478|4123|440
0500000US45073|34515|680|26303|692|8212|703
0500000US45075|33077|620|22149|891|10928|815
0500000US45077|52414|676|37159|866|15255|886
0500000US45079|167961|1263|101223|1631|66738|1582
0500000US45081|7670|217|6035|265|1635|243
0500000US45083|131672|878|96094|1447|35578|1391
0500000US45085|41083|635|27990|791|13093|904
0500000US45087|11611|284|8276|383|3335|376
0500000US45089|12291|334|9387|370|2904|381
0500000US45091|113785|854|84806|1191|28979|1278
1600000US3700160|3996|311|2358|322|1638|361
1600000US3700440|487|142|390|128|97|58
1600000US3700500|1920|119|913|96|1007|86
1600000US3700640|410|93|321|84|89|35
1600000US3700680|6769|408|3809|391|2960|358
1600000US3700880|283|163|217|155|66|56
1600000US3701000|296|86|180|79|116|51
1600000US3701140|185|85|176|86|9|13
1600000US3701340|4574|315|3225|278|1349|179
1600000US3701380|953|147|549|149|404|99
1600000US3701400|2796|261|1951|208|845|254
1600000US3701420|232|71|184|62|48|38
1600000US3701520|25235|700|19314|734|5921|543
1600000US3701560|82|44|74|43|8|12
1600000US3701640|181|44|137|39|44|31
1600000US3701720|4809|279|3771|325|1038|248
1600000US3701760|1925|349|1534|271|391|243
1600000US3701972|350|101|332|97|18|38
1600000US3702080|11884|516|5405|474|6479|540
1600000US3702140|37394|1238|19413|1095|17981|1013
1600000US3702240|119|52|105|50|14|16
1600000US3702320|66|25|49|24|17|13
1600000US3702460|145|54|129|51|16|19
1600000US3702480|218|55|198|52|20|22
1600000US3702500|919|185|574|118|345|119
1600000US3702580|346|118|218|103|128|63
1600000US3702620|217|63|138|56|79|36
1600000US3702700|80|32|50|21|30|23
1600000US3702760|736|184|688|187|48|55
1600000US3702780|228|146|193|133|35|51
1600000US3702840|2279|268|1350|206|929|231
1600000US3702960|514|85|368|78|146|56
1600000US3703020|163|54|95|36|68|32
1600000US3703100|332|141|207|126|125|61
1600000US3703150|105|18|103|18|2|2
1600000US3703220|464|98|362|85|102|50
1600000US3703500|405|121|279|100|126|59
1600000US3703530|1857|343|1518|340|339|158
1600000US3703640|520|199|212|90|308|207
1600000US3703665|452|112|408|115|44|38
1600000US3703720|175|91|144|82|31|30
1600000US3703840|166|55|144|55|22|18
1600000US3703960|314|70|224|56|90|41
1600000US3704015|1321|282|1108|218|213|145
1600000US3704040|130|64|99|57|31|40
1600000US3704180|45|24|36|22|9|10
1600000US3704260|2553|202|1363|192|1190|216
1600000US3704510|515|69|460|59|55|27
1600000US3704640|707|107|377|73|330|103
1600000US3704680|114|95|69|65|45|70
1600000US3704840|6387|341|4517|348|1870|303
1600000US3704950|1000|121|565|100|435|128
1600000US3704955|131|79|54|48|77|67
1600000US3704960|368|122|288|116|80|33
1600000US3705020|113|88|113|88|0|14
1600000US3705040|1767|261|965|198|802|265
1600000US3705049|463|138|391|125|72|81
1600000US3705135|1719|240|1429|253|290|126
1600000US3705220|2082|216|1374|248|708|194
1600000US3705340|186|69|150|66|36|22
1600000US3705460|711|165|478|124|233|91
1600000US3705530|1591|233|1424|234|167|103
1600000US3705660|665|165|368|154|297|99
1600000US3705880|588|72|572|70|16|11
1600000US3706000|847|230|470|157|377|153
1600000US3706080|293|82|176|61|117|53
1600000US3706140|3601|360|2408|326|1193|400
1600000US3706240|865|168|404|126|461|131
1600000US3706500|484|127|403|112|81|55
1600000US3706510|35|21|35|21|0|14
1600000US3706660|78|47|54|36|24|24
1600000US3706740|291|64|253|60|38|27
1600000US3706760|2937|268|2397|238|540|262
1600000US3706800|1146|168|874|152|272|139
1600000US3706820|85|43|74|41|11|11
1600000US3706860|165|59|135|54|30|22
1600000US3706980|270|179|131|61|139|165
1600000US3707080|5975|431|1566|274|4409|430
1600000US3707140|606|151|399|117|207|80
1600000US3707220|160|56|109|42|51|31
1600000US3707340|83|71|32|39|51|61
1600000US3707400|50|34|43|35|7|11
1600000US3707588|618|120|551|126|67|43
1600000US3707720|3752|186|1910|232|1842|231
1600000US3707748|2163|293|2014|281|149|94
1600000US3707765|1531|291|1448|305|83|82
1600000US3707860|188|71|136|62|52|37
1600000US3708040|842|113|717|111|125|50
1600000US3708080|707|152|555|128|152|81
1600000US3708110|918|165|628|119|290|117
1600000US3708140|170|71|66|39|104|59
1600000US3708420|160|71|64|32|96|60
1600000US3708480|806|179|345|112|461|137
1600000US3708760|1133|200|376|111|757|188
1600000US3708860|198|76|129|65|69|36
1600000US3708880|323|131|264|126|59|44
1600000US3708960|1203|133|812|144|391|117
1600000US3709060|25505|720|13711|757|11794|810
1600000US3709140|983|230|478|126|505|192
1600000US3709360|2683|240|1980|243|703|179
1600000US3709380|29|25|29|25|0|14
1600000US3709400|560|212|415|178|145|102
1600000US3709530|857|138|645|120|212|72
1600000US3709540|1142|122|796|108|346|122
1600000US3709760|189|84|108|45|81|71
1600000US3709780|370|162|143|87|227|161
1600000US3709800|131|58|106|50|25|19
1600000US3710120|385|107|251|82|134|80
1600000US3710240|1906|196|1346|187|560|213
1600000US3710260|1146|192|912|138|234|149
1600000US3710264|254|97|239|96|15|19
1600000US3710460|54|45|40|40|14|21
1600000US3710500|3073|331|2593|305|480|167
1600000US3710532|341|85|188|84|153|58
1600000US3710550|2627|178|2489|196|138|88
1600000US3710620|9474|383|4123|329|5351|401
1600000US3710680|1146|98|935|120|211|87
1600000US3710740|69710|1207|46439|1298|23271|1315
1600000US3710760|159|54|122|50|37|22
1600000US3710800|330|174|210|139|120|96
1600000US3710860|103|47|68|35|35|27
1600000US3710880|436|182|351|171|85|63
1600000US3710960|228|45|213|44|15|12
1600000US3710980|328|138|234|91|94|115
1600000US3711340|782|130|682|116|100|45
1600000US3711352|142|53|131|53|11|10
1600000US3711560|78|70|78|70|0|14
1600000US3711620|147|98|126|97|21|27
1600000US3711640|615|134|334|103|281|99
1600000US3711800|21189|641|10048|460|11141|623
1600000US3712000|368788|1813|188109|2557|180679|2687
1600000US3712140|937|224|587|153|350|143
1600000US3712186|516|178|443|169|73|75
1600000US3712340|2316|178|1614|189|702|190
1600000US3712460|72|36|41|20|31|32
1600000US3712480|1881|242|1229|219|652|285
1600000US3712520|20|23|20|23|0|14
1600000US3712580|409|118|190|61|219|92
1600000US3712590|168|119|105|62|63|98
1600000US3712720|798|179|487|95|311|151
1600000US3712780|223|85|149|63|74|52
1600000US3712860|11242|488|7049|524|4193|565
1600000US3712960|8784|343|6647|435|2137|325
1600000US3713000|424|113|335|98|89|54
1600000US3713100|241|95|179|80|62|60
1600000US3713240|2987|223|1452|179|1535|169
1600000US3713280|527|135|352|122|175|61
1600000US3713360|854|163|413|123|441|125
1600000US3713460|150|53|95|34|55|35
1600000US3713500|193|88|121|83|72|53
1600000US3713560|91|55|77|51|14|17
1600000US3713940|349|128|172|101|177|95
1600000US3713980|481|122|305|95|176|66
1600000US3714060|55|42|42|37|13|21
1600000US3714100|38669|840|25226|907|13443|774
1600000US3714200|122|75|45|24|77|75
1600000US3714280|923|227|543|182|380|174
1600000US3714340|3275|257|2260|328|1015|224
1600000US3714400|365|86|158|49|207|72
1600000US3714460|406|97|304|87|102|40
1600000US3714600|496|170|374|158|122|112
1600000US3714700|13884|426|9650|475|4234|399
1600000US3715020|202|78|132|58|70|44
1600000US3715040|670|182|549|171|121|79
1600000US3715260|2356|150|1460|166|896|163
1600000US3715320|1963|191|1372|203|591|196
1600000US3715420|95|56|35|23|60|49
1600000US3715440|795|208|387|122|408|206
1600000US3715580|22|22|22|22|0|14
1600000US3715640|224|115|224|115|0|14
1600000US3715880|2225|401|242|127|1983|333
1600000US3716084|559|141|559|141|0|14
1600000US3716180|2401|286|1546|237|855|218
1600000US3716220|1418|216|1188|210|230|148
1600000US3716240|53|32|49|31|4|6
1600000US3716400|5589|280|4473|299|1116|245
1600000US3716480|126|49|113|49|13|16
1600000US3716720|287|129|218|126|69|49
1600000US3716730|229|61|221|63|8|11
1600000US3716780|100|92|69|83|31|35
1600000US3716820|26|45|26|45|0|14
1600000US3716860|34|24|34|24|0|14
1600000US3716980|619|130|401|94|218|80
1600000US3717000|1122|228|619|187|503|190
1600000US3717180|113|42|47|24|66|30
1600000US3717325|279|86|152|53|127|74
1600000US3717340|593|141|289|92|304|89
1600000US3717520|410|107|344|98|66|45
1600000US3717660|181|60|108|39|73|42
1600000US3717860|865|186|623|134|242|101
1600000US3718040|116|47|81|37|35|29
1600000US3718060|353|78|314|73|39|24
1600000US3718080|638|237|517|244|121|87
1600000US3718300|0|14|0|14|0|14
1600000US3718320|3753|261|2026|211|1727|225
1600000US3719000|126550|1055|66203|1216|60347|1344
1600000US3719140|151|83|121|78|30|30
1600000US3719300|133|57|111|52|22|18
1600000US3719320|218|68|181|58|37|26
1600000US3719420|2217|275|1422|251|795|242
1600000US3719740|1383|124|1196|134|187|87
1600000US3719800|1325|266|734|222|591|164
1600000US3719860|750|197|397|139|353|159
1600000US3720080|6410|422|3527|313|2883|438
1600000US3720120|1992|217|1027|225|965|228
1600000US3720280|1126|231|613|171|513|184
1600000US3720420|518|180|457|170|61|72
1600000US3720580|7576|400|3344|352|4232|366
1600000US3720600|1683|217|790|190|893|183
1600000US3720620|1660|159|1009|180|651|126
1600000US3720700|265|98|139|47|126|77
1600000US3720780|295|78|193|61|102|50
1600000US3720840|412|129|230|81|182|110
1600000US3720980|537|105|312|81|225|80
1600000US3721095|2456|204|1722|191|734|162
1600000US3721120|122|47|80|39|42|35
1600000US3721130|1328|200|978|194|350|114
1600000US3721160|1940|95|1660|114|280|84
1600000US3721260|748|290|537|265|211|143
1600000US3721360|705|144|373|131|332|90
1600000US3721380|118|79|40|54|78|66
1600000US3721500|1287|292|786|149|501|294
1600000US3721740|1869|180|1334|179|535|162
1600000US3721880|3327|336|2794|328|533|209
1600000US3721960|94|29|70|24|24|17
1600000US3722040|72|38|28|19|44|32
1600000US3722080|83|42|11|19|72|44
1600000US3722240|310|96|215|76|95|51
1600000US3722280|35|30|28|29|7|15
1600000US3722305|1471|168|1308|137|163|94
1600000US3722360|950|125|445|77|505|93
1600000US3722380|753|161|465|150|288|103
1600000US3722440|739|213|698|202|41|57
1600000US3722500|1213|146|1106|136|107|71
1600000US3722560|246|56|168|47|78|33
1600000US3722600|396|185|343|180|53|31
1600000US3722620|40|20|31|15|9|13
1600000US3722640|66|106|66|106|0|14
1600000US3722720|268|111|184|86|84|65
1600000US3722800|150|72|120|62|30|52
1600000US3722820|2004|149|1231|235|773|200
1600000US3722920|82689|676|39197|925|43492|904
1600000US3722982|1361|237|1014|220|347|113
1600000US3723520|338|105|291|97|47|42
1600000US3723600|1754|112|1671|111|83|53
1600000US3723640|468|159|352|126|116|90
1600000US3723760|3372|235|2878|237|494|177
1600000US3723980|0|14|0|14|0|14
1600000US3724080|2681|246|1218|234|1463|266
1600000US3724170|211|112|119|88|92|53
1600000US3724198|1624|291|1471|294|153|156
1600000US3724380|545|126|400|116|145|80
1600000US3724440|167|58|89|40|78|39
1600000US3724520|1004|135|503|127|501|183
1600000US3724570|715|113|599|109|116|61
1600000US3724640|2284|251|1329|215|955|241
1600000US3724720|973|202|607|145|366|133
1600000US3724740|398|106|199|56|199|94
1600000US3724900|454|128|257|85|197|93
1600000US3725020|384|162|384|162|0|14
1600000US3725160|1159|235|894|163|265|195
1600000US3725300|14366|627|10664|641|3702|572
1600000US3725380|1439|168|880|182|559|206
1600000US3725460|235|87|146|62|89|58
1600000US3725480|13899|535|8784|691|5115|549
1600000US3725540|326|88|229|85|97|49
1600000US3725560|394|104|232|70|162|86
1600000US3725580|32378|588|17555|687|14823|738
1600000US3725680|130|49|97|40|33|25
1600000US3725880|429|223|398|214|31|52
1600000US3725900|75|55|75|55|0|14
1600000US3725940|292|60|95|32|197|55
1600000US3725980|3734|292|3030|366|704|248
1600000US3726200|686|121|581|109|105|56
1600000US3726460|1251|228|828|199|423|149
1600000US3726520|70|69|70|69|0|14
1600000US3726560|85|71|85|71|0|14
1600000US3726680|194|44|194|44|0|14
1600000US3726740|89|37|52|26|37|31
1600000US3726800|261|158|239|158|22|34
1600000US3726880|15145|504|5494|424|9651|492
1600000US3726920|141|99|128|96|13|13
1600000US3727120|490|152|297|128|193|148
1600000US3727180|806|132|784|125|22|29
1600000US3727182|840|204|505|184|335|122
1600000US3727280|8095|357|4305|438|3790|489
1600000US3727300|27|27|12|14|15|24
1600000US3727324|8|8|8|8|0|14
1600000US3727400|1097|192|800|155|297|125
1600000US3727420|1724|146|1143|178|581|135
1600000US3727440|1263|172|998|185|265|175
1600000US3727520|260|64|197|54|63|35
1600000US3727780|335|149|255|146|80|54
1600000US3727870|1047|128|703|140|344|109
1600000US3728000|123984|1097|62609|1596|61375|1551
1600000US3728080|40783|984|13327|828|27456|1226
1600000US3728200|1096|257|412|113|684|249
1600000US3728240|211|76|147|65|64|40
1600000US3728400|281|94|180|67|101|56
1600000US3728600|88|87|88|87|0|14
1600000US3728900|2819|351|2140|293|679|287
1600000US3728920|173|99|131|91|42|31
1600000US3729000|102|71|27|20|75|71
1600000US3729120|113|35|100|34|13|14
1600000US3729160|2455|334|1277|245|1178|340
1600000US3729180|3182|384|2320|282|862|291
1600000US3729560|462|104|413|104|49|22
1600000US3729640|297|76|185|71|112|43
1600000US3729680|66|33|54|30|12|13
1600000US3729720|69|34|59|32|10|15
1600000US3729800|6176|376|5652|353|524|170
1600000US3730040|20|24|0|14|20|24
1600000US3730100|84|63|84|63|0|14
1600000US3730120|6000|332|2477|281|3523|384
1600000US3730260|1049|162|743|178|306|108
1600000US3730280|320|113|189|78|131|66
1600000US3730340|469|160|443|162|26|32
1600000US3730620|767|166|652|149|115|52
1600000US3730660|6176|337|2400|341|3776|369
1600000US3730720|8143|369|3755|392|4388|433
1600000US3730800|97|61|56|44|41|47
1600000US3730900|786|158|420|113|366|147
1600000US3731060|18042|568|9922|516|8120|617
1600000US3731260|144|82|135|85|9|17
1600000US3731360|643|154|432|94|211|124
1600000US3731400|45872|1141|26534|1086|19338|1124
1600000US3731440|190|70|77|32|113|68
1600000US3731490|55|49|55|49|0|14
1600000US3731500|902|187|587|141|315|131
1600000US3731620|4146|296|2644|251|1502|314
1600000US3731860|76|43|62|34|14|19
1600000US3731880|5|7|5|7|0|14
1600000US3731920|237|88|162|63|75|56
1600000US3731960|484|85|458|87|26|14
1600000US3732100|261|54|205|55|56|27
1600000US3732180|1913|237|1695|228|218|179
1600000US3732260|14982|554|12078|445|2904|413
1600000US3732540|198|78|86|39|112|62
1600000US3732580|640|200|529|179|111|101
1600000US3732640|6543|344|4351|283|2192|283
1600000US3732740|653|146|577|132|76|73
1600000US3732840|229|68|117|47|112|47
1600000US3732980|1529|193|1238|181|291|143
1600000US3733120|25055|550|17962|692|7093|702
1600000US3733320|959|252|730|210|229|143
1600000US3733460|104|27|104|27|0|14
1600000US3733560|13796|487|10776|468|3020|449
1600000US3733640|126|57|95|66|31|35
1600000US3733820|319|157|291|149|28|48
1600000US3733940|79|40|70|37|9|14
1600000US3733993|153|116|126|113|27|32
1600000US3734000|359|116|263|106|96|40
1600000US3734038|327|127|244|112|83|69
1600000US3734160|98|90|98|90|0|14
1600000US3734200|22688|788|8776|707|13912|712
1600000US3734260|2111|276|1797|256|314|136
1600000US3734300|1589|177|1245|180|344|148
1600000US3734320|211|95|165|90|46|26
1600000US3734440|779|165|350|92|429|136
1600000US3734840|1325|224|589|129|736|226
1600000US3735200|22509|677|14777|698|7732|639
1600000US3735340|176|122|94|52|82|110
1600000US3735360|110|73|94|74|16|17
1600000US3735440|194|92|151|92|43|62
1600000US3735460|430|118|254|76|176|80
1600000US3735540|898|163|487|132|411|139
1600000US3735600|12630|498|7641|457|4989|505
1600000US3735720|3384|269|2500|305|884|259
1600000US3735760|3216|250|2094|324|1122|284
1600000US3735870|4256|635|2735|349|1521|607
1600000US3735880|4633|367|2875|292|1758|344
1600000US3735890|204|83|146|65|58|43
1600000US3735920|8891|407|3783|375|5108|478
1600000US3736020|24|14|22|14|2|5
1600000US3736060|1619|121|1175|172|444|163
1600000US3736080|7594|392|4911|530|2683|360
1600000US3736220|1073|202|860|115|213|164
1600000US3736400|1075|173|496|207|579|197
1600000US3736480|1321|240|990|196|331|141
1600000US3736500|824|152|726|151|98|59
1600000US3736510|4138|381|3545|359|593|174
1600000US3736511|4580|354|4345|342|235|91
1600000US3736512|1363|112|1065|142|298|94
1600000US3736513|1375|257|1300|248|75|84
1600000US3736514|41|23|37|19|4|8
1600000US3736640|624|92|438|82|186|59
1600000US3736860|1632|171|1399|215|233|160
1600000US3736960|75|42|41|30|34|28
1600000US3737000|45|19|44|19|1|3
1600000US3737040|110|43|96|41|14|10
1600000US3737120|394|98|274|90|120|58
1600000US3737160|1054|135|912|125|142|71
1600000US3737220|5698|194|2658|190|3040|202
1600000US3737260|269|71|191|65|78|35
1600000US3737640|18|14|18|14|0|14
1600000US3737680|13219|521|10659|556|2560|487
1600000US3737760|8199|450|5263|491|2936|449
1600000US3738030|191|87|125|58|66|58
1600000US3738040|5106|413|4374|456|732|224
1600000US3738060|7529|507|3135|327|4394|497
1600000US3738100|1047|181|455|125|592|182
1600000US3738170|110|63|98|60|12|32
1600000US3738200|280|112|246|101|34|40
1600000US3738220|1221|129|771|101|450|123
1600000US3738320|5023|357|2320|274|2703|354
1600000US3738360|54|16|46|16|8|8
1600000US3738420|148|124|148|124|0|14
1600000US3738680|253|71|163|64|90|53
1600000US3738860|2193|208|1906|200|287|130
1600000US3739060|72|59|72|59|0|14
1600000US3739280|2200|251|1169|169|1031|274
1600000US3739360|1131|209|383|113|748|170
1600000US3739420|101|37|58|27|43|25
1600000US3739480|1780|255|1301|300|479|152
1600000US3739520|1533|229|1221|209|312|171
1600000US3739540|91|54|46|39|45|49
1600000US3739600|361|100|186|57|175|80
1600000US3739680|41|15|27|14|14|11
1600000US3739700|6901|263|3031|264|3870|258
1600000US3739880|438|144|394|138|44|21
1600000US3739960|140|46|81|38|59|32
1600000US3740140|40|16|34|13|6|9
1600000US3740240|45|35|12|11|33|34
1600000US3740460|364|131|340|128|24|27
1600000US3740540|33|24|26|19|7|11
1600000US3740560|1060|152|612|129|448|126
1600000US3740600|875|161|650|114|225|123
1600000US3740640|371|120|239|78|132|81
1600000US3740660|1336|133|1008|165|328|159
1600000US3740860|314|143|271|142|43|47
1600000US3740980|488|150|381|153|107|89
1600000US3741060|960|188|608|168|352|93
1600000US3741220|115|46|94|44|21|21
1600000US3741380|52|15|46|16|6|6
1600000US3741420|2869|208|1472|220|1397|261
1600000US3741540|1063|186|843|157|220|111
1600000US3741580|453|116|250|82|203|75
1600000US3741600|186|82|156|75|30|42
1600000US3741620|890|173|575|120|315|96
1600000US3741640|953|139|541|121|412|132
1600000US3741720|1917|143|1907|141|10|16
1600000US3741960|11864|460|7643|407|4221|481
1600000US3742000|115|61|59|41|56|51
1600000US3742020|910|113|374|67|536|87
1600000US3742060|1200|166|717|149|483|152
1600000US3742100|373|74|267|68|106|48
1600000US3742240|7857|429|4755|414|3102|428
1600000US3742480|85|38|73|36|12|16
1600000US3742620|228|78|151|64|77|50
1600000US3742640|41|31|22|17|19|26
1600000US3742700|385|88|244|71|141|52
1600000US3742760|1767|162|1482|148|285|142
1600000US3742860|2010|168|1798|172|212|104
1600000US3743160|723|151|533|119|190|93
1600000US3743200|237|91|228|88|9|13
1600000US3743260|2727|181|2334|226|393|130
1600000US3743300|66|36|63|37|3|5
1600000US3743320|40|31|40|31|0|14
1600000US3743360|1170|103|990|101|180|77
1600000US3743440|326|60|278|59|48|27
1600000US3743480|10262|441|8536|560|1726|430
1600000US3743580|102|40|55|31|47|26
1600000US3743720|2324|209|1439|176|885|171
1600000US3743860|148|51|126|45|22|20
1600000US3743880|334|170|252|166|82|66
1600000US3743920|12620|581|7771|604|4849|547
1600000US3744100|62|49|62|49|0|14
1600000US3744160|81|34|55|24|26|22
1600000US3744220|20009|639|11668|639|8341|616
1600000US3744280|664|260|352|136|312|239
1600000US3744320|5169|252|2413|261|2756|265
1600000US3744400|6888|324|3766|357|3122|343
1600000US3744520|12300|541|5588|524|6712|567
1600000US3744560|147|71|96|54|51|34
1600000US3744700|1445|252|1090|193|355|198
1600000US3744770|1441|265|1167|220|274|130
1600000US3744800|4865|346|2697|305|2168|348
1600000US3744900|521|119|319|116|202|93
1600000US3744960|7307|372|5028|326|2279|286
1600000US3745100|1677|151|955|162|722|152
1600000US3745140|775|151|577|130|198|80
1600000US3745460|2141|268|2044|264|97|83
1600000US3745560|912|218|735|208|177|84
1600000US3745640|1111|220|601|127|510|155
1600000US3745660|792|177|364|102|428|172
1600000US3745720|7324|530|5664|600|1660|400
1600000US3745840|4854|386|4060|319|794|279
1600000US3745880|1586|164|1314|139|272|129
1600000US3746000|2438|285|1268|236|1170|258
1600000US3746060|664|137|521|129|143|81
1600000US3746100|757|233|567|221|190|163
1600000US3746280|914|195|731|176|183|119
1600000US3746340|14673|629|8765|666|5908|567
1600000US3746650|535|169|384|142|151|118
1600000US3746740|391|104|227|90|164|68
1600000US3746820|210|74|148|50|62|46
1600000US3746860|1664|194|1021|175|643|166
1600000US3747000|5286|377|3837|431|1449|296
1600000US3747020|267|69|192|63|75|41
1600000US3747240|464|119|246|84|218|82
1600000US3747260|23|20|7|13|16|20
1600000US3747485|2156|503|917|239|1239|462
1600000US3747695|604|117|505|112|99|101
1600000US3747845|416|65|393|63|23|16
1600000US3747860|460|117|411|107|49|50
1600000US3747880|1859|216|954|185|905|196
1600000US3747980|883|106|524|97|359|98
1600000US3748040|1116|186|901|167|215|80
1600000US3748060|167|92|76|31|91|86
1600000US3748345|4602|258|4126|282|476|154
1600000US3748480|2630|152|2425|159|205|120
1600000US3748700|514|77|496|78|18|14
1600000US3748740|387|143|297|122|90|73
1600000US3748790|3279|444|2906|429|373|203
1600000US3748920|292|67|141|48|151|55
1600000US3748940|44|31|12|18|32|24
1600000US3749380|559|112|472|110|87|39
1600000US3749460|26|11|22|11|4|5
1600000US3749600|271|84|217|74|54|36
1600000US3749800|3851|256|2037|292|1814|231
1600000US3750080|82|46|62|37|20|23
1600000US3750340|198|38|180|35|18|14
1600000US3750540|154|67|97|47|57|45
1600000US3750700|325|91|190|60|135|71
1600000US3750820|146|47|102|35|44|25
1600000US3751040|448|91|347|91|101|40
1600000US3751080|1189|118|367|88|822|105
1600000US3751780|355|121|211|88|144|80
1600000US3751820|714|135|399|96|315|90
1600000US3751840|678|147|532|126|146|61
1600000US3751940|8480|331|7225|341|1255|305
1600000US3752000|673|62|661|61|12|9
1600000US3752020|702|158|567|145|135|48
1600000US3752140|608|142|332|91|276|107
1600000US3752160|9|17|9|17|0|14
1600000US3752220|4634|451|2266|208|2368|463
1600000US3752260|5386|515|3578|477|1808|381
1600000US3752400|207|102|113|48|94|82
1600000US3752500|212|117|146|105|66|54
1600000US3752660|1927|198|1341|223|586|184
1600000US3752685|738|173|613|146|125|87
1600000US3752760|1909|217|1582|237|327|196
1600000US3752920|482|218|438|216|44|39
1600000US3753040|1314|163|735|226|579|178
1600000US3753140|440|234|205|111|235|164
1600000US3753160|207|69|179|63|28|27
1600000US3753200|192|59|121|40|71|39
1600000US3753475|3329|365|2750|306|579|216
1600000US3753580|269|141|124|60|145|132
1600000US3753680|139|116|135|115|4|6
1600000US3753820|664|176|330|98|334|136
1600000US3753840|563|90|372|95|191|65
1600000US3753900|47|19|32|16|15|11
1600000US3753950|276|74|250|73|26|25
1600000US3754160|683|267|611|238|72|99
1600000US3754580|1592|156|909|143|683|137
1600000US3754600|113|54|113|54|0|14
1600000US3755000|203443|1758|103241|2432|100202|2447
1600000US3755040|763|218|340|92|423|207
1600000US3755080|1591|226|978|220|613|169
1600000US3755260|1692|167|1043|137|649|173
1600000US3755340|23|17|21|18|2|3
1600000US3755460|376|90|284|64|92|52
1600000US3755640|1424|164|1369|172|55|46
1600000US3755660|1240|138|650|125|590|97
1600000US3755900|6614|365|3490|430|3124|419
1600000US3755940|145|63|120|61|25|16
1600000US3756100|22|19|22|19|0|14
1600000US3756240|352|99|257|80|95|49
1600000US3756340|313|88|253|82|60|40
1600000US3756360|807|215|535|139|272|151
1600000US3756440|393|101|294|86|99|53
1600000US3756600|339|111|300|111|39|47
1600000US3756710|1335|99|1153|120|182|82
1600000US3756815|1673|224|1143|177|530|246
1600000US3756900|6194|326|3092|316|3102|355
1600000US3757000|633|186|297|102|336|157
1600000US3757020|335|103|139|67|196|81
1600000US3757039|104|85|104|85|0|14
1600000US3757100|599|131|367|119|232|79
1600000US3757200|1399|189|990|188|409|166
1600000US3757260|4041|289|2487|295|1554|349
1600000US3757340|1087|237|742|167|345|193
1600000US3757500|23364|763|11451|744|11913|759
1600000US3757540|359|116|301|114|58|35
1600000US3757580|298|157|131|104|167|125
1600000US3757640|3524|252|3260|299|264|185
1600000US3757700|155|55|120|51|35|20
1600000US3757740|233|102|134|76|99|55
1600000US3757800|446|85|261|71|185|71
1600000US3757860|512|97|290|73|222|76
1600000US3758020|368|196|99|42|269|190
1600000US3758040|253|116|253|116|0|14
1600000US3758140|470|131|274|123|196|48
1600000US3758160|3548|311|1799|323|1749|310
1600000US3758180|144|69|97|48|47|49
1600000US3758260|1719|287|1513|291|206|124
1600000US3758340|204|130|156|122|48|52
1600000US3758360|1632|180|915|223|717|224
1600000US3758420|198|59|149|54|49|32
1600000US3758440|598|167|437|128|161|93
1600000US3758460|1550|174|997|182|553|152
1600000US3758620|205|52|176|48|29|28
1600000US3758630|3533|163|3407|185|126|87
1600000US3758720|926|125|496|81|430|92
1600000US3758730|3969|454|3318|447|651|181
1600000US3758740|1045|172|750|163|295|141
1600000US3758840|172|43|145|41|27|19
1600000US3758860|14043|571|7275|529|6768|645
1600000US3758920|301|65|252|60|49|26
1600000US3758940|99|65|66|46|33|48
1600000US3759090|114|35|100|33|14|14
1600000US3759135|254|124|198|116|56|32
1600000US3759280|11359|414|6052|404|5307|435
1600000US3759340|149|52|103|37|46|41
1600000US3759540|1908|253|1310|257|598|175
1600000US3759580|600|146|487|135|113|75
1600000US3759765|126|50|126|50|0|14
1600000US3759780|1091|228|512|143|579|196
1600000US3759980|292|103|127|63|165|78
1600000US3760000|832|158|815|159|17|21
1600000US3760080|165|112|142|112|23|15
1600000US3760180|307|94|298|95|9|11
1600000US3760320|3040|322|1309|286|1731|369
1600000US3760505|180|49|167|52|13|12
1600000US3760515|2058|402|1906|399|152|90
1600000US3760540|11|10|11|10|0|14
1600000US3760560|68|33|65|33|3|5
1600000US3760800|2134|231|1360|288|774|249
1600000US3760940|39|24|32|22|7|11
1600000US3761060|648|137|342|98|306|115
1600000US3761200|9533|551|5715|549|3818|431
1600000US3761860|3027|331|1696|338|1331|314
1600000US3761920|321|116|160|71|161|97
1600000US3761950|2740|466|2252|452|488|209
1600000US3762040|195|79|173|66|22|23
1600000US3762060|210|95|179|94|31|24
1600000US3762190|1379|284|1262|268|117|118
1600000US3762520|4951|484|2905|397|2046|512
1600000US3762580|87|59|36|32|51|56
1600000US3762680|1397|299|1065|307|332|156
1600000US3762760|837|156|382|64|455|141
1600000US3763120|7411|351|4198|317|3213|422
1600000US3763130|1306|117|1193|110|113|60
1600000US3763240|327|89|166|72|161|72
1600000US3763340|75|63|75|63|0|14
1600000US3763360|692|268|645|259|47|58
1600000US3763400|1878|160|1507|205|371|144
1600000US3763470|1159|206|890|183|269|145
1600000US3763560|278|110|102|79|176|83
1600000US3763680|957|178|557|155|400|125
1600000US3763720|34|29|23|20|11|19
1600000US3763760|1370|159|996|200|374|129
1600000US3763780|0|14|0|14|0|14
1600000US3763880|1865|152|814|156|1051|167
1600000US3763920|247|94|247|94|0|14
1600000US3764000|3698|350|2758|376|940|323
1600000US3764050|449|115|333|95|116|87
1600000US3764160|659|111|344|91|315|74
1600000US3764180|4519|243|893|182|3626|246
1600000US3764260|1111|207|715|160|396|136
1600000US3764380|158|42|118|39|40|22
1600000US3764420|6481|305|5671|346|810|223
1600000US3764460|611|116|491|105|120|85
1600000US3764500|1545|143|1092|152|453|155
1600000US3764560|368|75|276|63|92|51
1600000US3764580|325|111|154|53|171|89
1600000US3764740|12286|578|6342|580|5944|519
1600000US3764840|586|115|512|94|74|52
1600000US3764940|427|117|417|115|10|8
1600000US3765020|102|58|76|42|26|39
1600000US3765040|2126|147|2043|153|83|68
1600000US3765100|536|135|349|90|187|105
1600000US3765120|60|19|39|17|21|16
1600000US3765260|585|222|523|213|62|73
1600000US3765320|112|45|78|36|34|24
1600000US3765530|313|91|291|87|22|13
1600000US3765580|3795|196|3559|187|236|125
1600000US3765700|67|46|44|41|23|27
1600000US3765900|2381|201|2057|225|324|227
1600000US3766040|1784|179|1319|162|465|165
1600000US3766280|1834|310|1441|224|393|200
1600000US3766340|165|90|144|89|21|33
1600000US3766360|1667|182|1208|262|459|175
1600000US3766460|885|96|778|96|107|48
1600000US3766500|1028|180|466|140|562|161
1600000US3766520|1093|141|652|141|441|93
1600000US3766700|4830|302|2761|309|2069|296
1600000US3766740|43|26|22|18|21|24
1600000US3766960|922|197|498|150|424|133
1600000US3766980|349|95|249|73|100|64
1600000US3767000|196|63|136|49|60|33
1600000US3767420|11252|606|7020|619|4232|522
1600000US3767700|424|136|281|90|143|109
1600000US3767720|1036|101|885|101|151|66
1600000US3768040|220|52|212|49|8|10
1600000US3768320|165|65|77|41|88|58
1600000US3768340|1823|120|1666|126|157|83
1600000US3768400|2707|265|2169|284|538|165
1600000US3768500|1516|153|1222|200|294|116
1600000US3768520|1152|143|558|104|594|145
1600000US3768580|980|158|549|98|431|138
1600000US3768740|129|81|105|78|24|26
1600000US3769020|1396|182|1118|197|278|98
1600000US3769260|2509|248|2187|238|322|126
1600000US3769520|2378|209|1733|192|645|215
1600000US3769600|115|66|86|60|29|48
1600000US3769640|1101|219|880|188|221|168
1600000US3769680|437|111|203|78|234|96
1600000US3769720|98|42|75|39|23|19
1600000US3769740|742|200|587|198|155|85
1600000US3769755|109|74|109|74|0|14
1600000US3769795|332|117|311|115|21|17
1600000US3769840|606|168|435|134|171|80
1600000US3770320|76|35|65|30|11|15
1600000US3770340|232|60|159|48|73|38
1600000US3770380|1996|263|1260|261|736|162
1600000US3770480|341|77|238|62|103|37
1600000US3770540|18403|748|13617|712|4786|776
1600000US3770580|66|41|30|27|36|36
1600000US3770660|2358|241|1745|230|613|206
1600000US3770720|1697|249|976|256|721|191
1600000US3770740|1115|126|1096|124|19|28
1600000US3770780|782|163|428|101|354|107
1600000US3770820|486|132|425|110|61|67
1600000US3770860|114|44|92|39|22|19
1600000US3770920|726|130|504|131|222|94
1600000US3771100|474|110|247|76|227|71
1600000US3771160|1329|166|583|146|746|147
1600000US3771220|4709|259|2185|261|2524|306
1600000US3771240|216|60|196|59|20|12
1600000US3771320|98|44|84|39|14|17
1600000US3771440|65|47|65|47|0|14
1600000US3771460|6815|282|5656|373|1159|307
1600000US3771500|5035|250|2884|277|2151|275
1600000US3771560|2003|200|1453|315|550|281
1600000US3771600|171|51|115|37|56|29
1600000US3771680|4417|217|4199|230|218|117
1600000US3771760|1379|227|1065|217|314|155
1600000US3771780|595|125|312|86|283|93
1600000US3771860|4957|511|3877|466|1080|365
1600000US3771900|1066|116|967|121|99|54
1600000US3771940|3063|213|3005|215|58|41
1600000US3772150|630|152|445|111|185|119
1600000US3772540|553|121|301|89|252|81
1600000US3772600|542|131|343|118|199|116
1600000US3772755|2198|290|2122|268|76|58
1600000US3773140|1797|143|1542|154|255|137
1600000US3773160|243|81|126|50|117|62
1600000US3773300|407|101|302|87|105|46
1600000US3773320|38|35|38|35|0|14
1600000US3773460|418|136|306|116|112|87
1600000US3773660|1812|236|881|204|931|191
1600000US3773760|242|64|219|59|23|16
1600000US3773780|0|14|0|14|0|14
1600000US3774020|1670|202|802|163|868|192
1600000US3774220|2364|225|1194|240|1170|181
1600000US3774440|56612|1109|26972|1049|29640|1328
1600000US3774540|20403|441|10028|596|10375|553
1600000US3774580|808|164|702|155|106|64
1600000US3774680|770|113|463|105|307|103
1600000US3774720|301|113|190|101|111|55
1600000US3774760|1033|212|629|160|404|136
1600000US3775000|103058|1139|57291|1465|45767|1256
1600000US3775060|4524|297|3763|331|761|298
1600000US3775080|247|47|125|30|122|38
1600000US3775280|2977|269|1599|234|1378|218
1600000US3775340|217|62|125|46|92|40
1600000US3775375|533|162|427|164|106|79
1600000US3775780|2519|349|1964|321|555|248
1600000US3775820|1306|223|1055|188|251|107
1600000US3775880|196|111|196|111|0|14
1600000US3775960|1022|114|540|110|482|115
1600000US3776000|894|195|343|112|551|156
1600000US3776200|1013|241|634|197|379|128
1600000US3776220|3252|233|2039|297|1213|310
1600000US4500100|1954|203|1006|217|948|211
1600000US4500165|54|73|5|8|49|73
1600000US4500370|214|115|196|114|18|24
1600000US4500550|13275|603|9037|652|4238|650
1600000US4500775|135|68|94|41|41|56
1600000US4500955|1256|174|715|159|541|190
1600000US4501360|12584|545|6432|486|6152|575
1600000US4501450|1213|269|804|239|409|185
1600000US4501810|79|43|79|43|0|14
1600000US4502080|1165|227|332|122|833|226
1600000US4502125|419|89|377|86|42|31
1600000US4502440|894|214|801|212|93|69
1600000US4502530|978|174|487|158|491|122
1600000US4502665|1197|342|299|108|898|318
1600000US4503115|44|35|44|35|0|14
1600000US4503205|116|47|27|14|89|44
1600000US4503385|746|199|699|201|47|32
1600000US4503430|457|105|344|88|113|48
1600000US4503790|1129|149|744|154|385|113
1600000US4504060|1789|204|1152|200|637|176
1600000US4504300|2077|182|1420|202|657|168
1600000US4504528|1677|393|1536|383|141|112
1600000US4504690|5348|442|3287|450|2061|391
1600000US4504915|645|177|489|136|156|89
1600000US4505365|1544|299|860|211|684|207
1600000US4505410|2221|363|1620|289|601|241
1600000US4505545|1241|253|528|112|713|242
1600000US4505680|2830|277|1272|237|1558|294
1600000US4505770|6355|474|4059|357|2296|335
1600000US4506040|204|83|136|45|68|64
1600000US4506310|1179|138|519|135|660|127
1600000US4506400|785|187|326|92|459|168
1600000US4506490|728|158|437|122|291|111
1600000US4506850|40|29|26|22|14|18
1600000US4507210|12987|517|10829|611|2158|356
1600000US4507255|2274|310|1860|234|414|325
1600000US4507345|4924|585|3658|608|1266|310
1600000US4507525|215|70|165|59|50|29
1600000US4507535|783|152|670|124|113|81
1600000US4507840|302|90|204|72|98|59
1600000US4508110|49|36|38|35|11|10
1600000US4508155|78|39|78|39|0|14
1600000US4508245|412|141|257|70|155|113
1600000US4508830|186|43|175|42|11|12
1600000US4509527|1549|275|711|202|838|236
1600000US4509782|61|57|52|55|9|15
1600000US4509865|183|62|103|40|80|46
1600000US4510000|265|122|192|108|73|69
1600000US4510090|531|174|517|179|14|17
1600000US4510135|105|60|105|60|0|14
1600000US4510270|1081|152|874|168|207|107
1600000US4510360|2874|423|1729|307|1145|350
1600000US4510585|6|9|6|9|0|14
1600000US4510720|905|185|598|168|307|111
1600000US4510855|3656|298|2522|276|1134|314
1600000US4510900|169|71|144|67|25|22
1600000US4511035|604|138|296|105|308|127
1600000US4511125|270|80|209|59|61|51
1600000US4511350|531|180|439|176|92|76
1600000US4511620|1962|343|907|217|1055|298
1600000US4511755|164|69|121|62|43|29
1600000US4511833|10113|693|7039|630|3074|401
1600000US4512205|228|107|182|92|46|66
1600000US4512430|450|191|283|134|167|140
1600000US4512520|287|170|230|176|57|23
1600000US4512655|6556|360|3968|401|2588|300
1600000US4512925|103|61|42|24|61|55
1600000US4512965|3101|364|2510|372|591|215
1600000US4513015|1942|156|513|136|1429|197
1600000US4513060|88|32|42|22|46|23
1600000US4513150|579|90|500|79|79|38
1600000US4513330|68027|1349|37816|1270|30211|1360
1600000US4513600|2245|206|1074|190|1171|228
1600000US4513735|12|14|9|12|3|9
1600000US4514018|1101|319|321|136|780|304
1600000US4514050|350|62|190|47|160|45
1600000US4514095|2115|251|1251|268|864|211
1600000US4514140|591|104|379|75|212|73
1600000US4514230|312|82|292|82|20|23
1600000US4514455|303|104|80|61|223|112
1600000US4514590|81|38|81|38|0|14
1600000US4514860|1416|220|815|150|601|197
1600000US4514950|7868|413|2696|290|5172|416
1600000US4515040|25|34|0|20|25|34
1600000US4515220|232|206|76|54|156|207
1600000US4515295|2472|301|1274|253|1198|226
1600000US4515310|333|88|230|85|103|51
1600000US4515355|2713|210|2173|215|540|152
1600000US4515625|114|95|59|46|55|85
1600000US4516000|53076|1243|24162|1098|28914|1249
1600000US4516180|331|152|139|84|192|135
1600000US4516360|201|87|84|53|117|75
1600000US4516405|8762|475|5726|436|3036|548
1600000US4516675|30|35|30|35|0|14
1600000US4516720|12|18|2|7|10|16
1600000US4516855|51|24|29|17|22|17
1600000US4516945|37|47|37|47|0|14
1600000US4516990|407|92|330|79|77|44
1600000US4517215|333|97|212|69|121|80
1600000US4517260|855|184|589|166|266|91
1600000US4517845|62|54|62|54|0|14
1600000US4517890|244|62|220|58|24|24
1600000US4518250|88|40|78|38|10|16
1600000US4518340|150|75|150|75|0|14
1600000US4518430|1192|344|740|256|452|283
1600000US4518475|132|52|114|46|18|28
1600000US4518565|2624|253|1364|236|1260|258
1600000US4518610|357|211|352|212|5|7
1600000US4518706|124|82|87|68|37|47
1600000US4518810|300|80|300|80|0|14
1600000US4519105|829|148|369|96|460|130
1600000US4519285|6697|792|2575|585|4122|518
1600000US4519420|2512|185|1355|247|1157|227
1600000US4519870|140|53|94|42|46|28
1600000US4520365|363|121|254|109|109|90
1600000US4520590|463|175|291|153|172|115
1600000US4521040|256|74|154|45|102|52
1600000US4521130|83|66|83|66|0|14
1600000US4521265|1868|254|1059|281|809|252
1600000US4521310|1598|139|907|145|691|159
1600000US4521985|10949|452|7548|510|3401|570
1600000US4522050|1577|243|1212|180|365|158
1600000US4522075|1364|297|1067|278|297|145
1600000US4522390|284|97|149|80|135|57
1600000US4522547|537|229|450|202|87|77
1600000US4522795|998|135|504|124|494|142
1600000US4522997|727|166|411|130|316|144
1600000US4523020|613|97|525|90|88|45
1600000US4523110|519|148|333|121|186|99
1600000US4523200|194|77|98|60|96|40
1600000US4523245|716|134|668|125|48|31
1600000US4523290|913|223|781|202|132|117
1600000US4523335|86|37|64|31|22|19
1600000US4523425|140|73|110|64|30|37
1600000US4523470|452|185|370|179|82|46
1600000US4523605|184|72|129|54|55|63
1600000US4523830|696|169|400|133|296|112
1600000US4524020|722|225|634|215|88|64
1600000US4524100|160|69|131|60|29|28
1600000US4524370|895|180|455|132|440|131
1600000US4524505|689|236|543|250|146|91
1600000US4524730|376|155|317|140|59|75
1600000US4524865|164|81|158|81|6|9
1600000US4525360|94|80|11|17|83|80
1600000US4525405|123|96|75|83|48|52
1600000US4525540|6492|599|5625|586|867|255
1600000US4525810|16413|593|9593|494|6820|598
1600000US4525945|123|61|85|48|38|43
1600000US4526035|619|138|586|138|33|31
1600000US4526305|4972|275|3852|267|1120|202
1600000US4526372|2978|502|2726|499|252|136
1600000US4526485|2|8|2|8|0|14
1600000US4526845|427|107|299|95|128|70
1600000US4526890|11139|485|9290|455|1849|358
1600000US4527070|4570|308|3433|337|1137|340
1600000US4527565|442|117|436|117|6|10
1600000US4527835|211|96|170|86|41|30
1600000US4527970|536|137|480|128|56|47
1600000US4528060|4635|277|2341|288|2294|265
1600000US4528375|5384|505|3226|430|2158|397
1600000US4528455|6023|412|5141|340|882|258
1600000US4528780|806|167|570|139|236|92
1600000US4528825|479|158|207|115|272|117
1600000US4528870|3532|349|2530|309|1002|243
1600000US4529005|108|45|76|35|32|33
1600000US4529050|265|62|211|58|54|32
1600000US4529140|95|117|72|87|23|75
1600000US4529275|71|43|42|36|29|24
1600000US4529320|63|57|63|57|0|14
1600000US4529410|978|289|638|229|340|172
1600000US4529635|1479|483|1122|352|357|338
1600000US4529815|17780|493|12124|541|5656|523
1600000US4529950|16|11|13|11|3|4
1600000US4530220|55|66|0|14|55|66
1600000US4530265|773|160|497|117|276|126
1600000US4530355|282|64|205|53|77|43
1600000US4530490|786|112|645|112|141|59
1600000US4530535|159|51|113|35|46|28
1600000US4530760|71|73|0|14|71|73
1600000US4530850|35482|819|14584|660|20898|916
1600000US4530895|8866|439|3851|374|5015|411
1600000US4530985|16285|534|11846|670|4439|578
1600000US4531210|99|62|93|61|6|10
1600000US4531660|450|185|303|150|147|128
1600000US4531885|1244|168|830|171|414|114
1600000US4532065|8009|425|5456|471|2553|435
1600000US4532172|143|77|134|78|9|10
1600000US4532245|5238|334|4021|339|1217|351
1600000US4532335|259|71|177|62|82|48
1600000US4532560|2982|283|1851|238|1131|236
1600000US4532965|383|131|277|112|106|51
1600000US4533100|375|142|227|123|148|96
1600000US4533145|254|79|181|63|73|48
1600000US4533640|189|46|167|44|22|14
1600000US4533820|211|80|188|79|23|14
1600000US4533977|926|172|413|94|513|182
1600000US4534045|18326|574|14422|665|3904|396
1600000US4534225|53|20|40|17|13|12
1600000US4534360|503|113|292|78|211|78
1600000US4534495|2309|272|2049|298|260|132
1600000US4534720|2741|384|1551|323|1190|367
1600000US4534765|852|278|541|252|311|204
1600000US4534810|1434|171|936|162|498|150
1600000US4534990|859|203|740|214|119|90
1600000US4535635|1626|278|1529|280|97|54
1600000US4535755|1337|133|853|176|484|171
1600000US4535800|281|115|165|83|116|89
1600000US4535890|4632|288|3780|337|852|242
1600000US4535980|653|176|625|183|28|31
1600000US4536070|37|31|19|17|18|27
1600000US4536115|2043|149|1910|157|133|85
1600000US4536160|394|128|210|87|184|84
1600000US4536205|1026|321|769|260|257|178
1600000US4536250|133|63|93|41|40|49
1600000US4536430|4666|251|4084|292|582|174
1600000US4536475|33|31|23|26|10|16
1600000US4536610|293|83|227|68|66|38
1600000US4536655|23|17|23|17|0|14
1600000US4536790|642|126|427|134|215|86
1600000US4537105|469|104|372|95|97|49
1600000US4537150|1002|209|632|149|370|160
1600000US4537330|463|148|346|135|117|53
1600000US4537465|986|165|368|105|618|160
1600000US4538058|1404|175|1388|175|16|19
1600000US4538095|805|137|581|114|224|82
1600000US4538110|19|21|19|21|0|14
1600000US4538162|1211|150|1198|147|13|13
1600000US4538590|1297|147|627|139|670|149
1600000US4538950|56|33|47|30|9|12
1600000US4539220|5777|524|4423|478|1354|398
1600000US4539265|182|136|71|56|111|124
1600000US4539310|2612|323|1137|227|1475|346
1600000US4539475|2812|344|2325|304|487|209
1600000US4539512|623|171|589|169|34|30
1600000US4539715|346|97|171|59|175|82
1600000US4539772|1514|321|1072|286|442|200
1600000US4539785|5841|494|4723|481|1118|311
1600000US4539805|450|124|349|120|101|53
1600000US4539895|3646|313|1841|268|1805|262
1600000US4540075|1267|148|986|138|281|135
1600000US4540210|210|66|170|65|40|34
1600000US4540390|575|145|400|118|175|100
1600000US4540480|611|136|379|107|232|94
1600000US4540525|1947|378|438|121|1509|380
1600000US4540615|3925|323|1823|319|2102|384
1600000US4541065|1161|250|1024|246|137|119
1600000US4541335|9778|401|6721|380|3057|320
1600000US4541380|1332|171|1050|185|282|121
1600000US4541740|491|149|294|93|197|107
1600000US4541830|4468|405|3725|378|743|214
1600000US4541965|123|48|93|37|30|28
1600000US4542010|5886|430|4511|422|1375|244
1600000US4542055|176|84|147|77|29|41
1600000US4542095|22|26|22|26|0|14
1600000US4542100|54|22|42|21|12|9
1600000US4542145|20|26|6|11|14|23
1600000US4542190|168|58|132|47|36|27
1600000US4542280|56|41|51|41|5|6
1600000US4542460|0|14|0|14|0|14
1600000US4542730|1161|171|647|103|514|219
1600000US4542820|108|59|64|43|44|29
1600000US4542865|97|37|85|32|12|15
1600000US4543000|3771|269|3293|274|478|142
1600000US4543090|93|56|81|53|12|18
1600000US4543135|158|124|158|124|0|14
1600000US4543315|2372|195|2174|221|198|92
1600000US4543360|169|81|86|39|83|69
1600000US4543495|365|104|211|72|154|88
1600000US4543585|286|75|274|69|12|14
1600000US4543630|776|147|353|95|423|130
1600000US4543675|126|40|116|38|10|11
1600000US4543720|698|166|401|130|297|99
1600000US4544350|1887|239|1013|167|874|221
1600000US4544395|309|144|210|134|99|79
1600000US4544575|2520|338|1205|275|1315|289
1600000US4545115|11656|462|7922|560|3734|602
1600000US4545295|264|77|157|74|107|53
1600000US4545430|908|248|670|245|238|149
1600000US4545790|615|168|575|164|40|21
1600000US4547050|183|66|177|64|6|8
1600000US4547200|732|135|543|120|189|105
1600000US4547275|5194|321|3868|373|1326|350
1600000US4547320|121|58|57|36|64|39
1600000US4548310|113|77|113|77|0|14
1600000US4548355|65|35|54|28|11|18
1600000US4548535|39884|962|29353|1244|10531|1182
1600000US4548670|96|67|80|67|16|18
1600000US4548737|124|79|95|67|29|46
1600000US4548805|1697|290|768|177|929|220
1600000US4548900|419|128|385|130|34|40
1600000US4548985|4605|384|3960|340|645|238
1600000US4549075|17623|665|10663|644|6960|627
1600000US4549390|202|78|148|72|54|32
1600000US4549570|3938|284|1974|344|1964|228
1600000US4549705|1035|204|751|155|284|110
1600000US4549885|1746|249|1662|249|84|116
1600000US4549975|226|139|226|139|0|14
1600000US4550020|354|124|254|111|100|68
1600000US4550110|127|49|100|41|27|28
1600000US4550290|1023|263|702|210|321|158
1600000US4550515|305|69|264|65|41|20
1600000US4550560|302|98|154|63|148|65
1600000US4550695|11168|494|7877|611|3291|558
1600000US4550875|49185|1234|24483|1080|24702|1066
1600000US4551145|1300|252|1015|273|285|125
1600000US4551180|1755|243|1385|216|370|140
1600000US4551280|9967|443|8189|499|1778|294
1600000US4551367|312|77|302|75|10|18
1600000US4551550|141|56|73|36|68|40
1600000US4551720|5025|333|4070|329|955|189
1600000US4551887|499|132|298|103|201|126
1600000US4552540|284|80|166|51|118|56
1600000US4552585|64|27|52|26|12|13
1600000US4552900|339|168|72|96|267|141
1600000US4553080|4613|438|2057|334|2556|351
1600000US4553485|35|60|35|60|0|14
1600000US4553845|1052|156|753|172|299|92
1600000US4554025|993|101|555|90|438|123
1600000US4554340|410|140|200|81|210|118
1600000US4554535|4944|536|2105|281|2839|507
1600000US4554700|51|23|40|22|11|14
1600000US4554925|134|46|107|42|27|20
1600000US4554970|173|65|148|59|25|22
1600000US4555015|96|29|94|29|2|3
1600000US4555060|167|58|105|45|62|32
1600000US4555150|49|35|26|26|23|23
1600000US4555420|364|166|328|163|36|26
1600000US4555465|762|311|581|301|181|58
1600000US4555645|1889|147|996|187|893|234
1600000US4555960|94|33|74|28|20|18
1600000US4556140|1328|179|903|158|425|168
1600000US4556365|2029|309|1425|302|604|229
1600000US4556545|629|326|605|325|24|42
1600000US4556905|282|155|133|67|149|138
1600000US4556950|1050|195|953|162|97|71
1600000US4557085|211|94|97|43|114|76
1600000US4557175|427|177|415|176|12|22
1600000US4557670|44|22|44|22|0|14
1600000US4557850|65|34|57|32|8|10
1600000US4558030|4676|360|1780|328|2896|412
1600000US4558170|3914|354|2923|317|991|246
1600000US4558435|13|14|13|14|0|14
1600000US4558570|709|186|561|157|148|112
1600000US4558615|57|44|57|44|0|14
1600000US4558705|483|134|357|106|126|64
1600000US4558795|333|103|303|101|30|23
1600000US4558930|84|79|0|14|84|79
1600000US4559020|992|181|858|183|134|81
1600000US4559110|4328|289|3339|287|989|221
1600000US4559190|6438|446|4798|387|1640|346
1600000US4559380|111|51|94|49|17|18
1600000US4559425|740|150|690|143|50|32
1600000US4559470|52|48|52|48|0|14
1600000US4559920|136|72|132|71|4|7
1600000US4560280|858|111|403|117|455|134
1600000US4560325|388|87|263|81|125|46
1600000US4560370|199|104|153|97|46|32
1600000US4560415|137|46|86|32|51|33
1600000US4561112|783|370|499|112|284|360
1600000US4561405|31307|895|16975|806|14332|840
1600000US4561495|58|22|53|21|5|6
1600000US4561720|1202|283|945|283|257|118
1600000US4562035|179|73|104|29|75|68
1600000US4562080|121|39|104|36|17|13
1600000US4562305|160|82|84|62|76|61
1600000US4562395|10127|916|2924|418|7203|808
1600000US4562485|63|47|63|47|0|14
1600000US4562530|832|235|404|119|428|182
1600000US4562620|808|218|542|144|266|149
1600000US4562755|426|103|252|89|174|65
1600000US4562980|72|31|58|26|14|14
1600000US4563115|137|72|83|63|54|36
1600000US4563250|1197|135|586|120|611|144
1600000US4563655|388|150|289|137|99|69
1600000US4563665|3217|585|2737|587|480|192
1600000US4563700|3922|421|2204|392|1718|245
1600000US4563790|364|90|237|69|127|53
1600000US4564240|1368|221|524|120|844|208
1600000US4564465|53|34|52|33|1|3
1600000US4564600|243|85|86|38|157|74
1600000US4564690|405|185|326|167|79|82
1600000US4564712|1250|178|1197|174|53|33
1600000US4565005|89|55|54|52|35|25
1600000US4565095|4082|360|2098|356|1984|396
1600000US4565207|6864|443|4278|462|2586|367
1600000US4565410|200|98|171|97|29|20
1600000US4565590|245|113|219|108|26|41
1600000US4565680|737|179|582|173|155|79
1600000US4565950|28|33|6|9|22|33
1600000US4566400|95|52|87|49|8|11
1600000US4566580|10143|472|6944|523|3199|489
1600000US4566760|291|81|269|80|22|17
1600000US4566917|914|201|726|195|188|88
1600000US4567165|45|20|36|16|9|11
1600000US4567210|19|16|18|15|1|3
1600000US4567255|72|37|66|35|6|8
1600000US4567390|9131|699|6015|675|3116|482
1600000US4567435|206|83|151|62|55|41
1600000US4567705|830|132|592|116|238|90
1600000US4567750|1178|206|588|172|590|186
1600000US4568177|788|150|402|121|386|124
1600000US4568210|116|65|100|69|16|25
1600000US4568290|15924|506|8577|484|7347|499
1600000US4568380|833|266|405|215|428|172
1600000US4568425|1054|294|735|250|319|116
1600000US4568470|152|46|125|39|27|20
1600000US4568875|78|38|76|37|2|4
1600000US4568920|283|171|53|63|230|157
1600000US4569010|724|110|712|109|12|21
1600000US4570045|97|53|88|53|9|12
1600000US4570090|798|114|681|109|117|50
1600000US4570225|393|99|235|86|158|56
1600000US4570270|21228|815|14660|1069|6568|763
1600000US4570315|221|88|195|86|26|17
1600000US4570405|16081|642|9203|617|6878|602
1600000US4570585|2034|130|1372|173|662|157
1600000US4570675|283|78|175|59|108|54
1600000US4570900|39|20|22|15|17|15
1600000US4571170|0|14|0|14|0|14
1600000US4571305|26|18|22|16|4|7
1600000US4571395|9745|667|7223|709|2522|385
1600000US4571417|4940|250|4163|383|777|247
1600000US4571658|387|80|284|57|103|69
1600000US4571890|40|26|22|18|18|19
1600000US4571980|862|179|393|142|469|139
1600000US4572295|53|36|46|35|7|14
1600000US4572430|2423|234|1452|236|971|191
1600000US4572520|109|41|83|34|26|22
1600000US4572655|58|40|48|37|10|11
1600000US4572745|319|61|176|52|143|49
1600000US4572880|60|37|48|33|12|14
1600000US4573105|3904|236|1945|303|1959|281
1600000US4573240|131|69|114|61|17|28
1600000US4573330|613|193|321|145|292|132
1600000US4573465|3006|455|1519|332|1487|324
1600000US4573510|47|28|22|18|25|22
1600000US4573555|391|182|360|183|31|23
1600000US4573600|840|150|539|106|301|130
1600000US4573870|8828|577|5703|474|3125|343
1600000US4574050|480|173|325|158|155|89
1600000US4574095|1760|183|1004|208|756|194
1600000US4574140|329|154|326|153|3|9
1600000US4574275|2330|184|1181|214|1149|252
1600000US4574590|73|34|29|15|44|30
1600000US4574635|62|31|52|25|10|16
1600000US4574680|815|236|558|209|257|136
1600000US4574725|428|134|340|120|88|80
1600000US4574995|83|44|59|40|24|22
1600000US4575220|573|221|241|144|332|179
1600000US4575445|951|218|745|143|206|148
1600000US4575535|2776|557|1869|534|907|272
1600000US4575580|1169|181|958|178|211|91
1600000US4575850|8516|405|4713|407|3803|376
1600000US4576165|1172|249|796|234|376|113
1600000US4576345|515|123|301|72|214|91
1600000US4576435|145|41|106|33|39|28
1600000US4577042|2898|286|2300|284|598|163
1600000US4577380|655|171|537|151|118|59
1600000US4577425|1662|330|1017|282|645|237
1600000US4577672|1002|310|300|115|702|320
1600000US4577785|38|21|33|18|5|11
1600000US4577875|1750|150|1138|208|612|160
1600000US4577920|89|73|89|73|0|14
1600000US4577965|1227|170|670|167|557|169
1600000US4578190|85|38|57|33|28|21
1600000US4578460|1435|166|726|166|709|186
1600000US4578505|624|182|147|61|477|182
1600000US4578640|78|50|46|34|32|40
1600000US4578820|4342|655|2254|335|2088|677
1600000US4578910|45|24|39|22|6|10
1600000US4579090|1942|253|1054|343|888|232
1600000US4579341|1616|174|1390|155|226|103
1600000US4579450|515|112|321|89|194|77
1600000US4579630|3418|215|2289|272|1129|229
1600000US4579720|63|37|31|28|32|33
