USPS	GEOID	ANSICODE	NAME	ALAND	AWATER	ALAND_SQMI	AWATER_SQMI	INTPTLAT	INTPTLONG                                                                                                               
NC	37001	01008531	Alamance County	1096763237	27913357	423.463	10.777	36.043954	-79.400573                                                                                                               
NC	37003	01008532	Alexander County	673368516	9435656	259.989	3.643	35.920951	-81.177467                                                                                                                 
NC	37005	01008533	Alleghany County	608220278	3687222	234.835	1.424	36.489356	-81.132299                                                                                                                 
NC	37007	01008534	Anson County	1376478141	14603213	531.461	5.638	34.974972	-80.109763                                                                                                                   
NC	37009	01008535	Ashe County	1104023356	8058446	426.266	3.111	36.443469	-81.499334                                                                                                                     
NC	37011	01008536	Avery County	640602137	445285	247.338	0.172	36.07209	-81.920285                                                                                                                       
NC	37013	01026333	Beaufort County	2156776424	336988229	832.736	130.112	35.482313	-76.842014                                                                                                             
NC	37015	01026334	Bertie County	1810858562	109120751	699.176	42.132	36.059043	-76.962364                                                                                                                
NC	37017	01026336	Bladen County	2266124566	33022256	874.956	12.75	34.591938	-78.539489                                                                                                                  
NC	37019	01026340	Brunswick County	2201668770	516634715	850.069	199.474	34.038754	-78.227765                                                                                                            
NC	37021	01008538	Buncombe County	1700301514	8941579	656.49	3.452	35.609371	-82.530423                                                                                                                  
NC	37023	01008539	Burke County	1311146878	20719897	506.237	8.	35.746182	-81.70618                                                                                                                       
NC	37025	01008540	Cabarrus County	935587423	6985702	361.232	2.697	35.388346	-80.552728                                                                                                                  
NC	37027	01008541	Caldwell County	1222176567	7060445	471.885	2.726	35.966396	-81.51254                                                                                                                  
NC	37029	01026335	Camden County	622441458	181120132	240.326	69.931	36.342344	-76.162488                                                                                                                 
NC	37031	01026337	Carteret County	1314694122	2131056469	507.606	822.806	34.858343	-76.53586                                                                                                             
NC	37033	01008542	Caswell County	1101995790	8340796	425.483	3.22	36.394298	-79.339609                                                                                                                   
NC	37035	01008543	Catawba County	1039552776	37943182	401.374	14.65	35.661883	-81.214906                                                                                                                 
NC	37037	01008544	Chatham County	1765030860	70580568	681.482	27.251	35.704994	-79.251454                                                                                                                
NC	37039	01008545	Cherokee County	1179842036	28813680	455.54	11.125	35.13715	-84.061449                                                                                                                 
NC	37041	01025822	Chowan County	447179939	157966156	172.657	60.991	36.128979	-76.602752                                                                                                                 
NC	37043	01008546	Clay County	556849483	15046554	215.001	5.81	35.052997	-83.752264                                                                                                                      
NC	37045	01008547	Cleveland County	1202409706	10168594	464.253	3.926	35.33463	-81.557114                                                                                                                
NC	37047	01026339	Columbus County	2429920494	43711694	938.198	16.877	34.261602	-78.639308                                                                                                               
NC	37049	01026123	Craven County	1829934615	172857594	706.542	66.741	35.116829	-77.08132                                                                                                                 
NC	37051	01026124	Cumberland County	1690137276	15312233	652.566	5.912	35.050192	-78.828719                                                                                                              
NC	37053	01026125	Currituck County	678344374	685095432	261.91	264.517	36.372174	-75.941224                                                                                                              
NC	37055	01026133	Dare County	992558552	3000513281	383.229	1158.505	35.606269	-75.767536                                                                                                                
NC	37057	01008548	Davidson County	1432251776	37596316	552.996	14.516	35.795131	-80.207107                                                                                                               
NC	37059	01008549	Davie County	682977539	7511429	263.699	2.9	35.929355	-80.542552                                                                                                                       
NC	37061	01026132	Duplin County	2110115795	14237879	814.72	5.497	34.934403	-77.933543                                                                                                                   
NC	37063	01008550	Durham County	744748241	26712251	287.549	10.314	36.033828	-78.878125                                                                                                                  
NC	37065	01008551	Edgecombe County	1309073894	3706145	505.436	1.431	35.917077	-77.602742                                                                                                                
NC	37067	01008552	Forsyth County	1056834341	11644419	408.046	4.496	36.132466	-80.256961                                                                                                                 
NC	37069	01008553	Franklin County	1273761678	7173998	491.802	2.77	36.088247	-78.283082                                                                                                                  
NC	37071	01008554	Gaston County	921389625	20549066	355.751	7.934	35.292834	-81.177364                                                                                                                   
NC	37073	01026126	Gates County	882181709	13292008	340.612	5.132	36.442135	-76.702355                                                                                                                    
NC	37075	01008555	Graham County	756194687	25055910	291.968	9.674	35.348364	-83.830915                                                                                                                   
NC	37077	01008556	Granville County	1377850209	14503653	531.991	5.6	36.299884	-78.657634                                                                                                                 
NC	37079	01008557	Greene County	690838975	1229492	266.734	0.475	35.481959	-77.681688                                                                                                                    
NC	37081	01008558	Guilford County	1673100202	30270170	645.988	11.687	36.079065	-79.788665                                                                                                               
NC	37083	01008559	Halifax County	1874472932	16919664	723.738	6.533	36.251438	-77.644842                                                                                                                 
NC	37085	01008560	Harnett County	1541299797	16361612	595.099	6.317	35.36866	-78.871665                                                                                                                  
NC	37087	01008561	Haywood County	1433713850	2438478	553.56	0.942	35.558882	-82.981307                                                                                                                   
NC	37089	01008562	Henderson County	965930095	5554261	372.948	2.145	35.336427	-82.479583                                                                                                                 
NC	37091	01026127	Hertford County	914689353	18737418	353.164	7.235	36.363517	-76.981616                                                                                                                 
NC	37093	01008563	Hoke County	1010491623	3949309	390.153	1.525	35.017233	-79.241964                                                                                                                     
NC	37095	01008564	Hyde County	1585958032	2192938302	612.342	846.698	35.408157	-76.153687                                                                                                                
NC	37097	01008565	Iredell County	1487784939	59453223	574.437	22.955	35.806251	-80.874524                                                                                                                
NC	37099	01008566	Jackson County	1271968586	9746824	491.11	3.763	35.285454	-83.123966                                                                                                                   
NC	37101	01026327	Johnston County	2051314542	9406181	792.017	3.632	35.513419	-78.367348                                                                                                                 
NC	37103	01026338	Jones County	1220836956	6031825	471.368	2.329	35.032268	-77.356195                                                                                                                    
NC	37105	01008567	Lee County	660633151	10699612	255.072	4.131	35.476336	-79.172117                                                                                                                      
NC	37107	01008568	Lenoir County	1033630007	5900299	399.087	2.278	35.240066	-77.635514                                                                                                                   
NC	37109	01008569	Lincoln County	766251553	23338524	295.851	9.011	35.488491	-81.226893                                                                                                                  
NC	37111	01025836	McDowell County	1139476684	13977729	439.954	5.397	35.682268	-82.048045                                                                                                                
NC	37113	01025833	Macon County	1335304967	10576640	515.564	4.084	35.152959	-83.421901                                                                                                                   
NC	37115	01025834	Madison County	1164498324	4840167	449.615	1.869	35.864206	-82.712631                                                                                                                  
NC	37117	01026328	Martin County	1182102538	746610	456.412	0.288	35.847301	-77.119602                                                                                                                    
NC	37119	01008570	Mecklenburg County	1356149121	58190433	523.612	22.467	35.246862	-80.833832                                                                                                            
NC	37121	01008571	Mitchell County	573036227	1632150	221.251	0.63	36.013102	-82.163554                                                                                                                   
NC	37123	01008572	Montgomery County	1273075626	25886753	491.537	9.995	35.327548	-79.910752                                                                                                              
NC	37125	01008573	Moore County	1806846432	20853327	697.627	8.052	35.308273	-79.492723                                                                                                                   
NC	37127	01008574	Nash County	1399742907	6174819	540.444	2.384	35.965945	-77.987555                                                                                                                     
NC	37129	01026329	New Hanover County	497859414	353881963	192.225	136.635	34.183445	-77.864204                                                                                                           
NC	37131	01008575	Northampton County	1390073547	35850398	536.71	13.842	36.421774	-77.398352                                                                                                             
NC	37133	01026341	Onslow County	1973791551	370648831	762.085	143.108	34.763109	-77.499469                                                                                                               
NC	37135	01008576	Orange County	1029631957	8848858	397.543	3.417	36.062525	-79.120033                                                                                                                   
NC	37137	01023355	Pamlico County	871570771	583036551	336.515	225.112	35.147575	-76.665268                                                                                                               
NC	37139	01026330	Pasquotank County	587610261	161751355	226.878	62.453	36.265199	-76.260691                                                                                                             
NC	37141	01026129	Pender County	2256656680	162822100	871.3	62.866	34.512556	-77.888106                                                                                                                  
NC	37143	01025841	Perquimans County	640173980	211755191	247.173	81.759	36.180897	-76.403244                                                                                                             
NC	37145	01008577	Person County	1016154888	31205409	392.34	12.048	36.386357	-78.965633                                                                                                                  
NC	37147	01008578	Pitt County	1689620170	8247778	652.366	3.184	35.59249	-77.372739                                                                                                                      
NC	37149	01008579	Polk County	615606325	1964035	237.687	0.758	35.277901	-82.167621                                                                                                                      
NC	37151	01008580	Randolph County	2026239779	19706168	782.336	7.609	35.709915	-79.806215                                                                                                                
NC	37153	01008581	Richmond County	1226849527	15575098	473.689	6.014	35.004636	-79.755695                                                                                                                
NC	37155	01026130	Robeson County	2453480732	5076395	947.294	1.96	34.63921	-79.100881                                                                                                                    
NC	37157	01008582	Rockingham County	1465006557	18434917	565.642	7.118	36.381806	-79.782754                                                                                                              
NC	37159	01008583	Rowan County	1325062503	31968204	511.61	12.343	35.641355	-80.521721                                                                                                                   
NC	37161	01008584	Rutherford County	1464475268	4693780	565.437	1.812	35.402747	-81.919582                                                                                                               
NC	37163	01026131	Sampson County	2449952011	4918354	945.932	1.899	34.989298	-78.371261                                                                                                                  
NC	37165	01008585	Scotland County	826569986	3842049	319.14	1.483	34.840023	-79.477337                                                                                                                   
NC	37167	01025844	Stanly County	1023253139	25183933	395.08	9.724	35.310449	-80.254374                                                                                                                   
NC	37169	01008586	Stokes County	1163740817	17577923	449.323	6.787	36.393797	-80.269921                                                                                                                  
NC	37171	01008587	Surry County	1379541809	10392704	532.644	4.013	36.415416	-80.686463                                                                                                                   
NC	37173	01008588	Swain County	1366790479	32429134	527.721	12.521	35.568849	-83.465614                                                                                                                  
NC	37175	01008589	Transylvania County	979943598	5091023	378.358	1.966	35.210103	-82.816666                                                                                                              
NC	37177	01026332	Tyrrell County	1012106670	534571696	390.777	206.399	35.87042	-76.165345                                                                                                               
NC	37179	01008590	Union County	1638787125	17883271	632.739	6.905	34.99182	-80.530426                                                                                                                    
NC	37181	01008591	Vance County	653701482	42190675	252.396	16.29	36.365481	-78.405434                                                                                                                    
NC	37183	01008592	Wake County	2161621264	58029945	834.607	22.405	35.789846	-78.650624                                                                                                                   
NC	37185	01008593	Warren County	1112119289	38613740	429.392	14.909	36.398105	-78.099899                                                                                                                 
NC	37187	01026331	Washington County	897456201	195282199	346.51	75.399	35.844713	-76.572291                                                                                                              
NC	37189	01008594	Watauga County	809214845	2271720	312.44	0.877	36.235368	-81.709888                                                                                                                    
NC	37191	01026128	Wayne County	1434651140	9842326	553.922	3.8	35.35419	-78.00867                                                                                                                        
NC	37193	01008595	Wilkes County	1952016296	6854041	753.678	2.646	36.208883	-81.166095                                                                                                                   
NC	37195	01008596	Wilson County	952012884	14332533	367.574	5.534	35.700357	-77.921598                                                                                                                   
NC	37197	01008597	Yadkin County	867498039	7176192	334.943	2.771	36.158765	-80.665164                                                                                                                    
NC	37199	01008598	Yancey County	809610024	1524558	312.592	0.589	35.889326	-82.303954                                                                                                                    
SC	45001	01245666	Abbeville County	1272188745	53216416	491.195	20.547	34.229041	-82.454058                                                                                                              
SC	45003	01247979	Aiken County	2773033446	24559163	1070.674	9.482	33.550013	-81.632983                                                                                                                  
SC	45005	01247980	Allendale County	1056960701	11194313	408.095	4.322	32.979757	-81.363265                                                                                                               
SC	45007	01247981	Anderson County	1848873804	108547582	713.854	41.91	34.521235	-82.638603                                                                                                               
SC	45009	01247982	Bamberg County	1018815101	5686290	393.367	2.195	33.203021	-81.053161                                                                                                                  
SC	45011	01247983	Barnwell County	1420305102	22997961	548.383	8.88	33.260552	-81.434228                                                                                                                 
SC	45013	01247984	Beaufort County	1491889118	900045230	576.022	347.509	32.358112	-80.689422                                                                                                             
SC	45015	01247985	Berkeley County	2858335682	339019658	1103.61	130.896	33.2077	-79.953655                                                                                                               
SC	45017	01247986	Calhoun County	987164244	29365859	381.146	11.338	33.67478	-80.780347                                                                                                                  
SC	45019	01252740	Charleston County	2378035235	1162309705	918.165	448.77	32.800458	-79.94248                                                                                                            
SC	45021	01247987	Cherokee County	1017762613	11810936	392.96	4.56	35.049796	-81.607647                                                                                                                  
SC	45023	01247988	Chester County	1504432381	14514845	580.865	5.604	34.689339	-81.161213                                                                                                                 
SC	45025	01247989	Chesterfield County	2069364022	17265236	798.986	6.666	34.637018	-80.159227                                                                                                            
SC	45027	01247990	Clarendon County	1572659562	229094635	607.207	88.454	33.664682	-80.217889                                                                                                             
SC	45029	01247991	Colleton County	2736217578	196986795	1056.46	76.057	32.849386	-80.656402                                                                                                              
SC	45031	01247992	Darlington County	1452022412	14563160	560.629	5.623	34.332185	-79.962115                                                                                                              
SC	45033	01247993	Dillon County	1049143220	4515866	405.076	1.744	34.390164	-79.37521                                                                                                                    
SC	45035	01247998	Dorchester County	1472130993	6775985	568.393	2.616	33.082186	-80.404697                                                                                                               
SC	45037	01247999	Edgefield County	1296776317	16307326	500.688	6.296	33.779453	-81.959637                                                                                                               
SC	45039	01248000	Fairfield County	1777525447	61045167	686.306	23.57	34.395669	-81.127001                                                                                                               
SC	45041	01248001	Florence County	2073307058	9759348	800.508	3.768	34.028535	-79.710233                                                                                                                 
SC	45043	01248002	Georgetown County	2107383729	550477433	813.665	212.541	33.417531	-79.296333                                                                                                           
SC	45045	01245489	Greenville County	2035566804	24964755	785.937	9.639	34.892645	-82.372077                                                                                                              
SC	45047	01248003	Greenwood County	1180013604	21255542	455.606	8.207	34.155796	-82.127876                                                                                                               
SC	45049	01248004	Hampton County	1450327691	7072733	559.975	2.731	32.778334	-81.143822                                                                                                                  
SC	45051	01248005	Horry County	2934864511	314859967	1133.158	121.568	33.909269	-78.976675                                                                                                               
SC	45053	01248006	Jasper County	1696790801	120163761	655.135	46.395	32.430591	-81.021629                                                                                                                
SC	45055	01248007	Kershaw County	1881916510	35348695	726.612	13.648	34.338356	-80.590885                                                                                                                
SC	45057	01248008	Lancaster County	1422354438	15699873	549.174	6.062	34.686818	-80.703688                                                                                                               
SC	45059	01248009	Laurens County	1846327197	26061191	712.871	10.062	34.483676	-82.005498                                                                                                                
SC	45061	01245652	Lee County	1062378291	2709092	410.187	1.046	34.15864	-80.251209                                                                                                                       
SC	45063	01244251	Lexington County	1809330225	151711176	698.586	58.576	33.892309	-81.272974                                                                                                             
SC	45065	01248012	McCormick County	929521239	89977092	358.89	34.74	33.897599	-82.316196                                                                                                                 
SC	45067	01248010	Marion County	1267466471	12418901	489.372	4.795	34.08362	-79.354001                                                                                                                   
SC	45069	01248011	Marlboro County	1242867250	14489019	479.874	5.594	34.60167	-79.679435                                                                                                                 
SC	45071	01248013	Newberry County	1632484450	44099986	630.306	17.027	34.289881	-81.599676                                                                                                               
SC	45073	01244832	Oconee County	1622797504	121709713	626.566	46.992	34.748766	-83.06154                                                                                                                 
SC	45075	01248014	Orangeburg County	2865509345	55697625	1106.379	21.505	33.436135	-80.802913                                                                                                            
SC	45077	01248015	Pickens County	1287059791	40968135	496.937	15.818	34.885368	-82.723377                                                                                                                
SC	45079	01249299	Richland County	1961420496	37960905	757.309	14.657	34.029095	-80.898037                                                                                                               
SC	45081	01248016	Saluda County	1173694743	22987429	453.166	8.875	34.005278	-81.727903                                                                                                                  
SC	45083	01248592	Spartanburg County	2093764801	29439104	808.407	11.367	34.932014	-81.991624                                                                                                            
SC	45085	01244717	Sumter County	1722544866	44046815	665.078	17.007	33.91614	-80.382376                                                                                                                  
SC	45087	01248017	Union County	1330228701	4488751	513.604	1.733	34.690374	-81.615864                                                                                                                    
SC	45089	01248018	Williamsburg County	2419477850	7461200	934.166	2.881	33.626462	-79.716474                                                                                                             
SC	45091	01248019	York County	1762629134	39130525	680.555	15.108	34.970188	-81.183187                                                                                                                   
